193
# x z
-0.9052 4275.7
0	4276.2
4.3679	4278.2
7.3277	4278.7
9.7938	4279.1
14.007	4279.1
16.47	4278.7
19.082	4278.3
23.773	4278.9
26.248	4279.2
29.245	4279.7
33.393	4277.9
35.857	4277.5
38.794	4277
43.754	4276.6
45.993	4275.5
47.834	4274.6
52.323	4273.5
54.759	4273
57.294	4272.4
62.356	4270.8
64.856	4270.8
67.323	4270.8
72.502	4270.8
74.964	4270.4
76.227	4270.1
81.641	4268.6
84.09	4268.1
87.03	4267.5
91.904	4267.5
92.386	4267.6
96.841	4268.9
102.17	4270.2
103.98	4271.1
105.96	4272
109.9	4274
112.31	4274.7
115.28	4275.5
120.08	4276.1
121.85	4276.4
122.54	4276.5
124.27	4276.8
128.98	4277.4
131.44	4277
132.58	4276.2
134.67	4276.4
138.4	4276.7
140.9	4276.8
145.49	4277
150.11	4277.6
152.59	4277.4
154.57	4277.2
159.7	4278.3
162.2	4278.4
163.7	4278.6
165.39	4278.4
169.14	4278
171.64	4278
174.76	4278
179.94	4278.2
182.43	4278.5
184.54	4278.7
189.25	4278.7
191.75	4278.6
194.33	4278.5
200	4277.9
202.5	4277.8
203.92	4277.7
208.84	4276.9
211.32	4276.5
213.91	4275.8
219.31	4274.4
221.17	4273.9
224.1	4273.5
228.54	4272.8
231.52	4272.4
233.03	4271.6
237.5	4271.6
240.53	4271.6
242.75	4271.5
248.66	4271.2
250.25	4271.1
252.98	4271.1
258.23	4270.6
260.45	4270.3
262.53	4270.3
267.38	4269.3
269.89	4268.8
271.95	4268.9
276.96	4267.9
279.31	4267.4
282.17	4267.3
287.46	4266.5
289.6	4266.3
292.09	4266.2
297.12	4265.8
299.55	4265.5
301.32	4265.5
304.6	4265.2
307.33	4266.4
308.73	4266.6
312.38	4267.6
314.62	4268.1
316.55	4268.7
319.16	4269.3
321.55	4269.6
323.92	4270.1
326.5	4270
328.63	4270.1
331.6	4269.6
333.98	4269.4
336.86	4269.3
338.79	4269.2
341.58	4269
345.41	4268
348.82	4267.1
352.44	4266.6
356.91	4266
359.87	4265.6
361.44	4265.6
364.38	4265.3
366.7	4265.3
368.43	4265.2
368.93	4265.2
371.45	4264.8
376.57	4263.3
378.66	4262.7
379.46	4263.2
380.82	4263.1
385.6	4262.8
386.8	4262.7
390.9	4261
395.54	4260.7
397.93	4260.5
400.44	4260.8
405.33	4259.9
407.82	4259.5
410.62	4259.4
415.17	4258.7
417.54	4258.3
420.2	4259
425.31	4257.8
427.51	4257.3
429.47	4257.4
434.3	4257.6
436.96	4257.8
439.78	4257.4
444.19	4256.4
447.09	4255.7
448.51	4254.9
453.24	4254.2
455.91	4253.8
458.58	4254
463.58	4253.3
466	4252.9
466.58	4253.1
468.55	4253
472.55	4252
475.84	4251.5
477.69	4251.6
482.7	4251
485.14	4250.7
485.98	4250.6
486.8	4250.5
491.03	4248.5
493.56	4247.3
495.83	4248.1
500.62	4249.8
502.91	4250.6
504.5	4249.5
508.8	4247.1
511.07	4245.9
513.56	4248.7
518.06	4247.5
520.83	4246.8
522.93	4249.5
527.85	4251
530.08	4251.7
532.19	4250.7
536.64	4249.9
539.58	4249.4
542.08	4248.5
547.03	4245.4
548.45	4244.5
550.32	4243.7
554.99	4242.5
556.71	4242
559.76	4244.2
563.56	4243.9
567.25	4243.7
568.62	4244.7
573.08	4242.7
575.45	4241.6
1400
# s g t
1	2	0.0013169
1	3	0.017032
1	5	0.017032
1	6	0.014573
1	8	0.017032
1	9	0.022826
1	12	0.023704
1	14	0.026162
1	15	0.031166
1	17	0.031956
1	18	0.024543
1	20	0.025284
1	24	0.027469
1	27	0.027469
1	29	0.028952
1	30	0.031917
4	2	0.0071111
4	3	0.0046529
4	5	0.003775
4	6	0.013695
4	8	0.016241
4	14	0.025372
4	15	0.025986
4	17	0.025986
4	18	0.025635
4	20	0.027859
4	21	0.027118
4	24	0.028952
4	26	0.031176
4	27	0.03301
4	29	0.03301
7	2	0.014573
7	3	0.016241
7	6	0.010447
7	8	0.0087791
7	14	0.021158
7	15	0.022826
7	17	0.022036
7	18	0.016241
7	20	0.0187
7	24	0.032834
7	26	0.033624
7	27	0.031956
7	29	0.031956
7	30	0.034502
7	36	0.03775
13	2	0.016329
13	3	0.021304
13	5	0.021304
13	6	0.017441
13	8	0.016329
13	12	0.0052675
13	14	0.0086036
13	17	0.010828
13	18	0.01194
13	20	0.01469
13	27	0.019665
13	29	0.01908
13	30	0.021304
13	32	0.027976
13	33	0.025752
13	35	0.026279
16	3	0.025752
16	5	0.027976
16	6	0.02464
16	8	0.020192
16	9	0.018553
16	14	0.0074915
16	15	0.0019899
16	17	0.0041555
16	18	0.0078076
16	21	0.0086036
16	23	0.010828
16	26	0.021889
16	27	0.01908
16	29	0.018027
16	30	0.020192
19	6	0.021889
19	8	0.020777
19	9	0.020192
19	14	0.011512
19	15	0.0097156
19	18	0.003102
19	20	0.0041555
19	24	0.010242
19	27	0.017441
19	29	0.016329
19	30	0.018553
19	36	0.026864
19	38	0.027976
22	2	0.020192
22	6	0.019665
22	9	0.018553
22	11	0.01908
22	12	0.015217
22	14	0.014105
22	15	0.013578
22	17	0.012466
22	21	0.0019899
22	23	0.0025167
22	24	0.0086036
22	26	0.0091303
22	29	0.014105
22	30	0.015802
22	32	0.018027
25	2	0.037341
25	3	0.032366
25	6	0.030727
25	8	0.027976
25	9	0.026279
25	12	0.021304
25	14	0.020192
25	15	0.019665
25	17	0.017441
25	23	0.0097156
25	24	0.0014047
25	29	0.0074915
28	2	0.033361
28	3	0.038979
28	5	0.037341
28	6	0.036229
28	8	0.035117
28	9	0.033478
28	11	0.03459
28	14	0.026864
28	15	0.025167
28	17	0.024055
28	18	0.023528
28	20	0.021304
28	21	0.021889
28	23	0.020192
28	24	0.016914
28	26	0.010242
28	27	0.0036287
28	29	0.003102
28	30	0.010828
28	32	0.01908
28	33	0.021304
28	36	0.024055
28	46	0.030142
31	2	0.03301
31	3	0.039565
31	5	0.038453
31	6	0.036814
31	8	0.03459
31	9	0.030458
31	14	0.026279
31	15	0.026864
31	17	0.025167
31	18	0.021304
31	20	0.021778
31	21	0.020777
31	23	0.021304
31	24	0.016329
31	27	0.01469
31	29	0.0097156
31	30	0.00087792
31	32	0.0036287
31	33	0.015802
31	35	0.015802
31	38	0.017441
31	46	0.023528
31	47	0.026279
31	52	0.031254
31	59	0.038453
31	60	0.036229
31	62	0.036229
31	63	0.038453
31	65	0.042901
31	66	0.040091
34	12	0.029615
34	14	0.028503
34	15	0.028503
34	17	0.026279
34	18	0.026279
34	20	0.025167
34	21	0.02464
34	23	0.021304
34	24	0.016914
34	26	0.015802
34	27	0.01771
34	30	0.011354
34	32	0.0086036
34	36	0.003102
34	39	0.010242
34	46	0.019665
34	47	0.021304
34	59	0.03459
34	60	0.03459
34	65	0.036229
37	39	0.0024191
37	42	0.004253
37	43	0.0097936
37	49	0.015568
37	52	0.022553
37	56	0.025518
37	57	0.027742
37	62	0.032502
37	63	0.031917
37	2	0.036229
37	3	0.038979
37	6	0.037926
37	8	0.036229
37	9	0.036814
37	12	0.031839
37	14	0.030727
37	15	0.031254
37	17	0.029615
37	18	0.027976
37	20	0.025752
37	21	0.022416
37	24	0.020192
37	26	0.020777
37	27	0.019665
37	29	0.016914
37	30	0.015802
37	32	0.010828
37	33	0.011354
37	36	0.0069648
37	38	0.0086036
37	52	0.024055
37	56	0.026474
37	59	0.031254
37	60	0.029615
37	62	0.03459
37	63	0.035702
37	68	0.037926
37	69	0.041789
37	72	0.043428
37	74	0.043954
37	75	0.043428
40	5	0.041789
40	6	0.040677
40	8	0.040091
40	9	0.037926
40	11	0.03459
40	14	0.032366
40	15	0.031254
40	17	0.030142
40	18	0.030142
40	20	0.026864
40	21	0.026279
40	23	0.023001
40	24	0.021889
40	26	0.021304
40	27	0.020777
40	29	0.01908
40	30	0.018027
40	33	0.017441
40	36	0.0097156
40	38	0.0047407
40	39	0.0036287
40	46	0.012466
40	52	0.021889
40	53	0.023001
40	56	0.025167
40	71	0.031917
40	72	0.031917
41	43	0.0049944
41	46	0.006
41	47	0.009
41	52	0.01272
41	65	0.03086
41	66	0.030551
41	68	0.030786
41	77	0.037068
44	49	0.0046432
44	56	0.016778
44	60	0.024152
44	62	0.025635
44	63	0.027859
44	65	0.030434
44	66	0.028952
44	68	0.027118
44	71	0.031527
45	29	0.023528
45	30	0.023001
45	32	0.022416
45	39	0.015217
45	52	0.018553
45	56	0.021889
45	57	0.02464
45	60	0.026279
45	62	0.028503
48	46	0.016427
48	49	0.011276
48	50	0.0016778
48	52	0.004253
48	53	0.011276
48	56	0.013852
48	57	0.017909
48	59	0.020094
48	60	0.020094
48	62	0.02306
48	63	0.024543
48	65	0.025284
48	66	0.028601
48	68	0.029303
48	69	0.031917
48	71	0.031917
48	72	0.032268
48	78	0.038901
48	80	0.039994
48	81	0.044442
48	83	0.044793
48	84	0.045535
48	86	0.047759
48	87	0.049202
48	89	0.050685
48	90	0.052168
48	92	0.049944
48	93	0.049944
48	95	0.052051
48	96	0.052402
48	14	0.030727
48	15	0.029615
48	17	0.02903
48	18	0.026864
48	20	0.026864
48	21	0.025752
48	24	0.029615
48	26	0.027976
48	27	0.026864
48	29	0.024055
48	30	0.023528
48	32	0.023001
48	36	0.016329
48	43	0.01194
48	50	0.0080768
48	53	0.015217
48	56	0.01908
48	62	0.026279
48	68	0.029615
48	69	0.031839
48	71	0.032635
48	72	0.034005
48	75	0.036229
51	43	0.024543
51	50	0.013461
51	52	0.01272
51	56	0.01
51	57	0.01
51	60	0.015334
51	62	0.020836
51	65	0.025635
51	68	0.028601
51	71	0.030786
51	72	0.032268
51	77	0.035585
51	78	0.039253
51	80	0.042959
51	81	0.042218
51	83	0.04331
51	84	0.045535
51	86	0.047759
51	89	0.049944
51	92	0.0485
51	93	0.049592
51	96	0.051816
51	98	0.052909
51	24	0.030727
51	26	0.031254
51	27	0.030727
51	29	0.027976
51	30	0.027391
51	32	0.027391
51	33	0.023528
51	35	0.021304
51	42	0.01908
51	47	0.012466
51	50	0.0063795
51	52	0.0041555
51	60	0.020777
51	62	0.024055
51	63	0.025167
51	65	0.025752
51	66	0.026279
51	68	0.028503
51	69	0.030142
51	71	0.031254
51	72	0.034005
51	74	0.035702
54	46	0.026376
54	49	0.023801
54	50	0.021577
54	52	0.019353
54	57	0.0090523
54	59	0.0087011
54	60	0.012018
54	63	0.019002
54	65	0.021152
54	66	0.023801
54	69	0.024152
54	71	0.026376
54	72	0.030044
54	74	0.032619
54	77	0.033751
54	78	0.035936
54	80	0.037809
54	81	0.039253
54	83	0.040735
54	84	0.041867
54	87	0.044442
54	89	0.045886
54	90	0.046276
54	92	0.047017
54	93	0.0485
54	95	0.049944
54	96	0.050334
54	98	0.050568
54	100	0.056577
54	102	0.056577
54	104	0.058801
55	14	0.04729
55	15	0.045652
55	17	0.043954
55	18	0.043428
55	20	0.042901
55	21	0.042316
55	24	0.037341
55	26	0.037341
55	27	0.035702
55	29	0.032951
55	30	0.032951
55	32	0.033478
55	36	0.031254
55	39	0.026279
55	50	0.01393
55	52	0.010828
55	56	0.0025167
55	60	0.015802
55	63	0.017441
55	69	0.027976
55	71	0.030142
55	72	0.032366
58	49	0.023801
58	52	0.023801
58	53	0.021967
58	59	0.016427
58	60	0.0053845
58	62	0.0068282
58	63	0.014944
58	66	0.021226
58	68	0.022319
58	69	0.024543
58	71	0.024894
58	72	0.027118
58	77	0.031527
58	78	0.034492
58	80	0.037809
58	81	0.039112
58	83	0.039994
58	84	0.041477
58	86	0.044052
58	87	0.044793
58	89	0.046276
58	90	0.046276
58	92	0.045886
58	93	0.047017
58	95	0.048851
58	96	0.049202
58	98	0.049202
58	14	0.04729
58	18	0.046178
58	24	0.040677
58	26	0.038979
58	27	0.036814
58	29	0.035117
58	30	0.03219
58	47	0.021889
58	53	0.013578
58	57	0.0063795
58	59	0.0091303
58	66	0.022065
58	68	0.021304
58	71	0.025752
58	72	0.025167
58	74	0.026279
61	52	0.026259
61	56	0.021811
61	57	0.02146
61	60	0.016661
61	62	0.0059698
61	63	0.00636
61	65	0.0056187
61	69	0.020368
61	72	0.025869
61	77	0.029927
61	81	0.035078
61	83	0.035819
61	84	0.038784
61	87	0.040267
61	90	0.042452
61	92	0.041711
61	93	0.042452
61	95	0.044325
61	96	0.045417
61	12	0.04454
61	14	0.043603
61	21	0.043428
61	24	0.042316
61	26	0.041203
61	27	0.040091
61	29	0.038979
61	30	0.038453
61	32	0.036814
61	46	0.02903
61	52	0.02464
61	53	0.022416
61	56	0.019665
61	59	0.013052
61	60	0.010828
61	62	0.0014047
61	63	0.0058528
61	65	0.016914
61	69	0.024055
61	72	0.026279
61	74	0.029615
61	75	0.030142
64	50	0.029693
64	52	0.029693
64	56	0.024543
64	62	0.020094
64	66	0.0083109
64	68	0.0094034
64	72	0.019002
64	75	0.023177
64	77	0.026376
64	78	0.027469
64	80	0.030786
64	81	0.032268
64	83	0.032619
64	84	0.033751
64	86	0.037068
64	87	0.037809
64	89	0.039643
64	90	0.040735
64	92	0.03816
64	93	0.039643
64	95	0.040735
64	96	0.042569
64	98	0.042959
64	57	0.021304
64	59	0.015802
64	62	0.0091303
64	63	0.00087792
64	65	0.0025167
64	66	0.0091303
64	68	0.016329
64	72	0.023001
64	74	0.028503
67	57	0.025284
67	59	0.02306
67	62	0.019476
67	66	0.014203
67	69	0.0053845
67	71	0.0039018
67	74	0.016427
67	47	0.032366
67	52	0.029615
67	57	0.026864
67	59	0.025167
67	60	0.021889
67	62	0.020777
67	63	0.01469
67	65	0.013052
67	66	0.0082
67	68	0.0112
67	71	0.01469
67	72	0.018553
67	75	0.023528
70	43	0.039994
70	46	0.040735
70	49	0.036326
70	50	0.035585
70	52	0.033361
70	56	0.030434
70	57	0.030044
70	60	0.027859
70	62	0.025986
70	63	0.024543
70	65	0.023411
70	66	0.019743
70	68	0.017909
70	71	0.01272
70	72	0.0053845
70	74	0.0064771
70	75	0.010886
70	77	0.019743
70	78	0.024894
70	80	0.027118
70	81	0.02821
70	83	0.029693
70	84	0.031176
70	87	0.031917
70	89	0.034843
70	90	0.036326
70	92	0.036326
70	93	0.037419
70	95	0.03855
70	96	0.038901
70	98	0.038901
70	100	0.044442
70	102	0.047368
70	47	0.026864
70	52	0.021889
70	57	0.01469
70	59	0.01469
70	60	0.012466
70	62	0.0080768
70	63	0.0069648
70	69	0.0047407
70	71	0.0041555
70	74	0.0086036
70	75	0.010437
73	43	0.040735
73	46	0.041125
73	49	0.036937
73	52	0.037068
73	56	0.034102
73	57	0.03301
73	59	0.033361
73	60	0.029693
73	62	0.030786
73	63	0.027118
73	65	0.027118
73	66	0.025986
73	68	0.021967
73	69	0.021226
73	71	0.020485
73	72	0.016427
73	74	0.015685
73	75	0.0068282
73	77	0.014593
73	81	0.025635
73	83	0.027859
73	84	0.028601
73	86	0.032619
73	87	0.032268
73	89	0.034102
73	90	0.035234
73	93	0.034492
73	95	0.035936
73	96	0.036677
73	98	0.037419
73	100	0.041125
73	32	0.043428
73	39	0.040091
73	47	0.036677
73	49	0.035702
73	52	0.033653
73	59	0.030142
73	60	0.026864
73	62	0.025752
73	66	0.019665
73	68	0.017441
73	72	0.0036287
73	74	0.0036287
76	52	0.038901
76	56	0.034102
76	60	0.032619
76	62	0.033361
76	63	0.032268
76	65	0.031527
76	66	0.030786
76	68	0.030044
76	69	0.02821
76	71	0.026494
76	72	0.023411
76	74	0.021226
76	75	0.020094
76	77	0.0087011
76	78	0.014593
76	80	0.018391
76	81	0.02306
76	83	0.025635
76	84	0.026376
76	86	0.029693
76	87	0.030434
76	89	0.03301
76	90	0.032619
76	92	0.031917
76	93	0.031527
76	95	0.034492
76	96	0.034492
76	98	0.035585
76	100	0.038901
76	102	0.041125
76	106	0.04331
76	108	0.045183
76	110	0.04423
76	112	0.045886
76	114	0.049202
76	115	0.0485
76	52	0.037341
76	53	0.034005
76	60	0.02903
76	63	0.025752
76	65	0.024055
76	66	0.018027
76	68	0.015217
76	69	0.01469
76	71	0.01194
76	72	0.0086036
79	59	0.040735
79	62	0.039253
79	65	0.037068
79	66	0.034843
79	68	0.03301
79	71	0.029303
79	72	0.028601
79	74	0.028601
79	75	0.029303
79	77	0.010886
79	78	0.0027703
79	80	0.0087011
79	81	0.019353
79	83	0.020485
79	84	0.02267
79	86	0.02821
79	87	0.02821
79	89	0.030434
79	92	0.030434
79	93	0.030044
79	95	0.033361
79	96	0.033751
79	98	0.035234
79	100	0.036326
79	102	0.035936
79	110	0.044793
82	77	0.024152
82	78	0.02267
82	80	0.017519
82	81	0.0087011
82	83	0.004253
82	84	0.020485
82	86	0.024152
82	89	0.030044
82	90	0.030044
82	92	0.029693
82	93	0.029693
82	95	0.031527
82	96	0.032619
82	98	0.032268
82	100	0.036326
82	102	0.03855
82	104	0.041867
82	106	0.04331
82	110	0.041477
82	112	0.042569
85	77	0.027859
85	78	0.027118
85	80	0.024777
85	81	0.023177
85	83	0.022319
85	84	0.01272
85	86	0.0039018
85	87	0.018651
85	89	0.020836
85	92	0.026376
85	93	0.025986
85	95	0.027859
85	96	0.028952
85	98	0.030044
85	100	0.033361
85	102	0.036326
85	108	0.041477
85	110	0.039643
85	114	0.042218
85	115	0.041867
88	77	0.030044
88	78	0.02821
88	80	0.030434
88	83	0.026728
88	84	0.014203
88	86	0.0090523
88	87	0.0060869
88	89	0.0046432
88	92	0.017168
88	95	0.021226
88	96	0.024152
88	98	0.026728
88	100	0.030786
88	102	0.033361
88	106	0.035585
91	77	0.032619
91	78	0.031527
91	80	0.031527
91	81	0.030434
91	83	0.028601
91	84	0.027469
91	86	0.026728
91	87	0.025986
91	89	0.020485
91	90	0.0053845
91	92	0.0087011
91	93	0.012369
91	95	0.016037
91	96	0.023411
91	98	0.023411
91	100	0.027118
91	102	0.030434
91	106	0.031917
91	108	0.034102
91	110	0.034492
91	112	0.034843
91	114	0.036677
91	115	0.033361
94	77	0.033751
94	78	0.032619
94	80	0.032619
94	81	0.031917
94	83	0.030434
94	84	0.028952
94	86	0.028952
94	87	0.026376
94	89	0.025986
94	90	0.024152
94	93	0.0060869
94	95	0.0068282
94	96	0.010535
94	98	0.019002
94	100	0.02267
94	102	0.025635
94	106	0.028952
94	108	0.029303
94	110	0.027859
94	112	0.030044
94	114	0.032268
94	115	0.033361
97	77	0.034102
97	78	0.03301
97	80	0.03301
97	81	0.03301
97	83	0.031917
97	84	0.029303
97	86	0.028601
97	87	0.027469
97	89	0.027118
97	90	0.023411
97	92	0.019002
97	93	0.016427
97	95	0.010145
97	96	0.0046432
97	98	0.00093644
97	100	0.0097936
97	102	0.014593
97	110	0.02306
97	112	0.02306
97	114	0.025284
99	130	0.027859
99	132	0.034102
99	135	0.041125
99	136	0.039643
99	139	0.041984
99	141	0.044793
99	142	0.048851
99	150	0.051816
101	83	0.021577
101	89	0.017519
101	92	0.014944
101	93	0.012018
101	95	0.010886
101	96	0.0097936
101	98	0.0083109
101	100	0.0039018
101	102	0.010886
101	108	0.013852
101	110	0.014203
101	114	0.017519
103	136	0.035585
103	138	0.03855
103	142	0.042218
103	150	0.044442
103	151	0.046627
105	81	0.041867
105	83	0.040735
105	84	0.039253
105	86	0.038901
105	89	0.036326
105	90	0.033361
105	92	0.028952
105	93	0.027469
105	95	0.024543
105	96	0.024152
105	98	0.02267
105	100	0.021577
105	102	0.014203
105	104	0.0071951
105	106	0.0090523
105	110	0.017519
105	112	0.019002
105	114	0.02267
107	126	0.030786
107	129	0.029576
107	132	0.031917
107	135	0.033751
107	136	0.037419
107	139	0.038901
107	141	0.04029
107	144	0.04331
107	148	0.045535
107	150	0.046627
107	153	0.050685
109	80	0.042218
109	81	0.041867
109	84	0.03855
109	86	0.037302
109	90	0.033751
109	92	0.029693
109	95	0.025986
109	106	0.01311
109	108	0.0094034
109	110	0.0072184
111	120	0.022319
111	130	0.035234
111	135	0.029693
111	136	0.031917
111	138	0.030044
111	141	0.036677
111	144	0.03816
111	150	0.045183
113	78	0.044793
113	83	0.042959
113	84	0.040384
113	87	0.037419
113	89	0.036677
113	93	0.028601
113	95	0.027859
113	96	0.024152
113	98	0.024543
113	102	0.021967
113	112	0.0013266
113	114	0.0075696
113	115	0.011276
116	92	0.032268
116	93	0.031917
116	95	0.030786
116	96	0.029303
116	98	0.027118
116	100	0.025986
116	102	0.026728
116	106	0.020094
116	108	0.019743
116	114	0.0068282
116	115	0.0016778
116	132	0.021967
116	133	0.02267
116	135	0.026197
116	136	0.028601
116	138	0.027859
116	139	0.02821
116	141	0.031527
116	142	0.035234
116	148	0.035234
116	150	0.039643
116	151	0.041125
116	153	0.042959
116	154	0.041125
119	92	0.033527
119	93	0.031527
119	102	0.026728
119	106	0.022319
119	108	0.020836
119	114	0.013852
119	118	0.0053845
119	120	0.004253
119	129	0.010535
119	141	0.029303
119	144	0.030434
119	150	0.034418
119	151	0.035936
123	125	0.0016778
123	130	0.0097936
123	132	0.013461
123	133	0.01311
123	136	0.020836
124	108	0.02267
124	110	0.020094
127	126	0.0016778
127	129	0.0016778
127	130	0.0027703
127	132	0.0087011
127	135	0.012018
127	136	0.015685
127	138	0.017168
127	139	0.017909
127	141	0.021577
127	142	0.024543
127	144	0.025635
127	145	0.030434
127	148	0.032268
127	150	0.02821
127	151	0.030044
127	153	0.031527
128	118	0.016427
128	126	0.010886
128	129	0.0053845
128	132	0.011064
128	135	0.017168
128	136	0.020836
128	138	0.020094
128	139	0.020836
128	141	0.023411
128	142	0.025986
128	150	0.033751
128	153	0.036326
131	78	0.056226
131	81	0.05365
131	87	0.048851
131	89	0.048851
131	90	0.046627
131	92	0.042959
131	93	0.041477
131	95	0.040384
131	96	0.038901
131	98	0.035936
131	100	0.035234
131	102	0.036326
131	106	0.03301
131	108	0.030786
131	112	0.024894
134	90	0.047759
134	92	0.044793
134	93	0.041125
134	95	0.041125
134	96	0.039253
134	98	0.037419
134	100	0.037809
134	102	0.03855
134	106	0.030786
134	110	0.025284
134	112	0.02267
134	114	0.026376
134	133	0.004253
134	135	0.0083109
134	136	0.011276
134	138	0.010886
134	139	0.01311
134	141	0.017168
134	142	0.019353
134	144	0.014203
134	150	0.026728
134	151	0.028952
134	153	0.030434
137	122	0.026376
137	129	0.020443
137	130	0.018261
137	132	0.016778
137	133	0.013461
137	135	0.011627
137	136	0.010535
137	138	0.0031605
137	139	0.0083109
137	148	0.021226
137	150	0.022319
137	151	0.025986
137	153	0.027785
137	154	0.02821
140	130	0.021577
140	135	0.014944
140	136	0.012018
140	139	0.0046432
140	141	0.0053845
140	148	0.020836
140	150	0.021226
143	125	0.022319
143	129	0.021226
143	130	0.020094
143	132	0.018651
143	133	0.014593
143	135	0.01311
143	136	0.011627
143	138	0.0097936
143	142	0.0035117
143	144	0.0027703
143	150	0.013852
143	153	0.021226
143	154	0.019743
146	138	0.012689
146	139	0.011276
146	141	0.0094034
146	145	0.0024191
146	147	0.010145
146	157	0.021967
146	158	0.02267
146	165	0.027859
149	120	0.032268
149	122	0.031527
149	125	0.033751
149	126	0.030434
149	129	0.02821
149	130	0.025635
149	132	0.024152
149	133	0.02267
149	135	0.021577
149	136	0.02267
149	138	0.018261
149	139	0.016778
149	144	0.0097936
149	148	0.0064771
149	150	0.00093644
149	151	0.0016778
149	153	0.0060869
149	154	0.004253
149	157	0.018651
149	158	0.020094
149	161	0.027118
149	165	0.03301
149	168	0.032619
149	174	0.034843
149	179	0.039994
149	185	0.040384
149	188	0.044793
149	189	0.044793
149	191	0.043701
149	192	0.044442
152	126	0.03816
152	130	0.034102
152	132	0.033751
152	133	0.032619
152	135	0.029693
152	136	0.030044
152	138	0.025388
152	139	0.02306
152	144	0.020094
152	147	0.016037
152	151	0.0046432
152	153	0.0046432
152	154	0.016778
152	157	0.017519
152	158	0.019002
152	160	0.022319
152	161	0.023801
152	165	0.024543
152	168	0.03086
152	170	0.031917
152	174	0.034102
152	179	0.040735
152	182	0.043701
152	183	0.03855
152	185	0.041867
152	189	0.045535
152	191	0.047368
152	192	0.046887
155	157	0.0046432
155	158	0.012018
155	160	0.024894
155	161	0.019353
155	165	0.021967
155	173	0.031176
155	174	0.029693
155	179	0.03816
155	189	0.042959
156	130	0.034843
156	132	0.033751
156	133	0.032268
156	135	0.031527
156	136	0.031176
156	138	0.025635
156	139	0.023801
156	141	0.02267
156	144	0.02306
156	147	0.0083109
156	154	0.0024191
159	158	0.00058528
159	160	0.0039018
159	161	0.0083109
159	164	0.015334
159	165	0.016427
159	168	0.025986
159	170	0.027469
159	173	0.028952
159	174	0.026728
159	176	0.029693
159	179	0.032268
159	180	0.035936
159	182	0.035585
159	185	0.033361
159	189	0.037549
159	191	0.043701
162	130	0.042218
162	132	0.046276
162	133	0.039994
162	135	0.039253
162	136	0.039537
162	138	0.036677
162	139	0.034102
162	141	0.035234
162	142	0.033751
162	144	0.031527
162	147	0.027859
162	148	0.027859
162	151	0.017909
162	153	0.0094034
162	157	0.019353
162	158	0.016037
162	160	0.011627
162	161	0.0064771
162	164	0.0027703
162	165	0.0075696
162	168	0.014203
162	171	0.021577
162	173	0.028952
162	177	0.029303
162	179	0.031917
162	185	0.037068
163	130	0.042569
163	133	0.038901
163	136	0.039253
163	138	0.035936
163	147	0.028952
163	148	0.027859
163	151	0.026728
166	157	0.019353
166	158	0.017909
166	160	0.011627
166	161	0.0079598
166	165	0.0013266
166	167	0.004253
166	174	0.02306
166	176	0.024543
166	179	0.030434
166	180	0.027118
166	182	0.029303
166	185	0.031917
166	186	0.03301
166	188	0.032619
166	189	0.034843
166	191	0.027859
166	192	0.028952
169	135	0.045535
169	136	0.042218
169	138	0.041125
169	139	0.040384
169	141	0.039537
169	142	0.038901
169	144	0.037809
169	147	0.037419
169	151	0.032268
169	153	0.025635
169	154	0.028601
169	157	0.027118
169	158	0.024152
169	160	0.023801
169	161	0.021967
169	164	0.017168
169	167	0.017519
169	168	0.0053845
169	170	0.0027703
169	173	0.019002
169	174	0.019743
169	176	0.023801
169	177	0.025284
169	179	0.026728
169	180	0.028952
169	185	0.03301
169	188	0.031917
169	189	0.031527
172	157	0.030044
172	158	0.025752
172	160	0.028952
172	161	0.025635
172	164	0.024363
172	165	0.022319
172	167	0.020836
172	170	0.0049944
172	171	0.002068
172	173	0.0094034
172	176	0.0094034
172	177	0.012369
172	179	0.013852
172	180	0.017519
172	182	0.025986
172	183	0.028601
172	185	0.027469
172	189	0.02847
172	191	0.032619
175	157	0.027118
175	158	0.026408
175	160	0.026728
175	161	0.027118
175	165	0.020485
175	167	0.019743
175	168	0.021577
175	170	0.021226
175	171	0.019353
175	173	0.016037
175	174	0.0087011
175	176	0.0046432
175	177	0.0097936
175	179	0.016037
175	180	0.020836
175	182	0.020094
175	183	0.024543
175	185	0.020094
175	186	0.021577
175	189	0.024152
175	191	0.024543
175	192	0.025986
178	158	0.031917
178	160	0.034843
178	161	0.031917
178	165	0.026728
178	168	0.029303
178	173	0.02267
178	174	0.017519
178	177	0.0057357
178	179	0.0064771
178	180	0.012018
178	185	0.016427
178	188	0.019353
178	189	0.022319
178	191	0.024152
178	192	0.029693
181	157	0.035234
181	158	0.035234
181	160	0.033751
181	165	0.031176
181	168	0.027469
181	171	0.024894
181	174	0.023411
181	176	0.020485
181	177	0.018261
181	179	0.017168
184	158	0.032619
184	161	0.03301
184	165	0.028601
184	167	0.028601
184	168	0.029303
184	170	0.024894
184	171	0.027859
184	173	0.025986
184	174	0.021577
184	176	0.02267
184	179	0.017909
184	180	0.016544
184	182	0.017909
184	183	0.0075696
184	185	0.0039018
184	188	0.0083109
184	189	0.01311
184	191	0.013852
187	160	0.034492
187	168	0.030044
187	173	0.025284
187	174	0.021226
187	176	0.024152
187	177	0.021577
187	179	0.018261
187	180	0.016427
187	183	0.010886
187	186	0.0031605
187	188	0.0087011
187	189	0.0097936
187	191	0.0097936
187	192	0.019743
190	170	0.02306
190	173	0.019743
190	174	0.020094
190	176	0.019002
190	179	0.015334
190	183	0.014203
190	185	0.013461
190	186	0.01272
190	188	0.012018
190	189	0.002068
190	192	0.0064771
193	157	0.03301
193	160	0.032268
193	161	0.03301
193	165	0.033751
193	173	0.03301
193	174	0.029693
193	176	0.031306
193	182	0.021226
193	183	0.018261
193	185	0.017298
193	188	0.014203
193	189	0.01311
193	191	0.0083109
193	192	0.0079598
121	158	0.051426
121	160	0.049202
121	164	0.049944
121	165	0.0485
121	167	0.044793
121	168	0.047017
121	173	0.045183
121	174	0.039994
121	176	0.041477
121	177	0.037809
121	179	0.039253
121	180	0.038901
121	183	0.032268
121	185	0.029303
121	186	0.024543
121	188	0.027469
121	189	0.025284
121	192	0.021967
0
