242
# x z
-2.4714	3806.8
0	3806.4
2.4714	3806
4.7059	3805.7
7.1779	3805.3
9.7806	3804.9
12.228	3804.4
14.445	3804
16.832	3803.2
19.478	3802.4
21.953	3802
25.007	3801.6
27.438	3801
29.561	3800.5
31.985	3799.9
34.42	3799.3
39.413	3798.5
41.887	3798.1
44.155	3797.8
49.245	3796.8
51.693	3796.3
54.136	3795.8
59.062	3794.9
61.493	3794.4
63.866	3793.8
68.722	3792.7
71.21	3792.4
73.659	3792.2
78.845	3791.3
81.315	3791
84.08	3790.5
88.748	3789.9
91.24	3789.7
93.791	3789.5
99.05	3788.9
101.55	3788.8
103.88	3788.7
109.02	3788.4
111.51	3788.2
113.97	3787.9
116.45	3787.6
118.77	3787.3
121.27	3787.2
123.25	3787.1
125.75	3787
128.54	3787
131.04	3786.9
133.53	3786.8
136.03	3786.7
138.63	3786.5
141.12	3786.4
143.8	3786.2
146.29	3785.9
148.62	3785.7
151.09	3785.3
153.62	3784.9
156.09	3784.5
157.91	3784.1
160.37	3783.7
163.36	3783.2
165.83	3782.7
168.49	3782.2
170.98	3781.9
172.92	3781.7
175.42	3781.6
177.97	3781.5
180.42	3781.4
182.83	3781.5
185.47	3781.5
187.76	3781.7
190.33	3781.9
192.99	3781.8
195.26	3781.8
197.71	3781.8
200.49	3781.8
202.56	3781.7
205.21	3781.6
208.16	3781.4
210.06	3781.4
213.26	3781.4
215.66	3781.4
217.98	3781.2
220.75	3781
222.82	3781.1
225.48	3781.1
227.93	3780.6
230.29	3780.4
232.76	3780.5
235.43	3780.4
238.07	3780.4
242.89	3780
245.55	3779.8
247.65	3780.3
252.71	3780.4
255.15	3780.5
257.73	3780.4
262.33	3781.1
265.15	3781.5
267.57	3781.9
272.43	3782.1
275.06	3782.2
277.7	3781.7
282.69	3780.8
285.06	3780.3
287.74	3780.1
292.66	3779.7
295.21	3779.5
297.4	3779.6
302.43	3779.7
304.9	3779.7
307.4	3779.8
312.7	3778.9
314.8	3778.6
317.6	3777.5
321.88	3775.7
324.52	3774.6
326.16	3773.3
330.74	3771.3
333.04	3770.3
335.01	3769
339.35	3766.5
341.47	3765.2
343.18	3764.1
347.97	3761.6
349.81	3760.6
352.58	3758
357.14	3756
359.47	3755
361.44	3753.7
365.93	3751.5
368.16	3750.4
370.34	3749.4
375.3	3748.2
377.65	3747.7
380.22	3747.5
385.06	3746.6
387.58	3746.1
388.37	3745.8
390.14	3745.3
395	3744.7
397.65	3744.2
398.24	3744.1
399.84	3743.8
404.4	3742.2
405.34	3741.9
406.96	3741.4
409.06	3740.8
414.08	3740.1
416.67	3739.9
419.05	3739.7
423.64	3738.1
426.13	3737.2
428.61	3736.6
433.01	3735.1
435.73	3734.2
437.59	3734.3
442.59	3732.5
444.66	3731.8
447.55	3732.4
452.56	3732.6
455.04	3732.7
457.7	3731.5
461.99	3730.2
464.86	3729.3
466.77	3729.6
471.62	3729.3
474.09	3728.9
474.26	3729.2
476.44	3728.5
481.37	3727.1
483.64	3726.4
484.44	3726.6
486.59	3726.3
490.95	3725.3
493.9	3724.6
496.21	3725.7
501.47	3724.8
502.6	3724.5
503.58	3724.4
506.22	3724.6
511.18	3725
513	3725.1
513.7	3725.2
516.14	3724.4
521.12	3724.5
522.14	3724.5
523.64	3724.5
525.98	3723.9
530.71	3722.9
532.62	3722.5
533.31	3722.3
535.48	3721.7
540.28	3720.3
542.67	3719.6
545.18	3722.3
549.95	3721.2
552.49	3720.7
554.82	3722.2
559.87	3722.1
561.12	3722.1
562.32	3722
564.7	3721.3
569.55	3720.3
572.05	3719.8
574.34	3719.1
578.92	3717.2
581.26	3716.3
583.78	3715.8
588.87	3716.2
591.25	3716.4
593.72	3717.2
598.95	3718.2
601.08	3718.6
603.67	3719
608.83	3719.4
611.14	3719.6
613.61	3719.3
618.55	3718.7
621.06	3718.4
623.28	3717.1
627.85	3715.4
630.34	3714.5
632.61	3713.9
637.25	3712
639.56	3711.1
641.84	3710.1
646.06	3707.7
648.38	3706.4
650.66	3705.4
655.19	3703.4
657.1	3702.6
659.7	3701.4
663.9	3698.4
665.83	3697.1
668.18	3696.6
673.07	3695.1
675.33	3694.3
678.04	3693.8
682.64	3692.7
685.32	3692
687.66	3692
692.5	3691.2
4575
# s g t
1	2	0.0027654
1	4	0.010469
1	6	0.015934
1	8	0.021333
1	10	0.031802
1	12	0.04563
1	14	0.055704
1	17	0.071704
1	19	0.078815
1	20	0.095111
1	22	0.10232
1	23	0.11101
1	25	0.11299
1	26	0.11654
1	28	0.12433
1	29	0.13083
1	31	0.13649
1	32	0.14341
1	35	0.15376
1	37	0.1598
1	38	0.16356
3	2	0.0045432
3	4	0.0053333
3	6	0.014091
3	8	0.022518
3	10	0.030617
3	12	0.039704
3	14	0.044839
3	16	0.052445
3	17	0.066831
3	19	0.077037
3	20	0.087309
3	22	0.096
3	23	0.10489
3	25	0.11215
3	26	0.11629
3	28	0.1179
3	29	0.12622
3	31	0.12662
3	32	0.12662
5	4	0.0094815
5	6	0.0075852
5	8	0.014038
5	10	0.024244
5	12	0.032198
5	14	0.03279
5	16	0.055111
5	17	0.058864
5	19	0.071309
5	20	0.075852
5	22	0.084346
5	23	0.099951
5	25	0.11002
5	26	0.11572
5	28	0.12267
5	29	0.12602
5	31	0.13017
5	32	0.13901
5	34	0.13938
5	35	0.1444
5	42	0.16612
5	46	0.17363
5	48	0.18114
5	52	0.18864
5	54	0.192
5	58	0.19448
5	60	0.19609
5	62	0.20207
5	64	0.20105
7	2	0.021333
7	4	0.01679
7	6	0.0089767
7	8	0.0061235
7	10	0.016198
7	12	0.024317
7	14	0.032988
7	16	0.040889
7	17	0.04879
7	19	0.056147
7	20	0.061333
7	22	0.072823
7	23	0.09465
7	25	0.098568
7	26	0.10509
7	28	0.10871
7	29	0.11655
7	31	0.12306
7	32	0.12958
7	34	0.13609
7	35	0.14261
7	37	0.14912
7	38	0.15564
7	40	0.16215
7	42	0.16339
7	44	0.1668
7	46	0.17521
7	48	0.18054
7	50	0.1849
7	52	0.18549
7	54	0.18608
7	56	0.18667
7	58	0.18726
7	60	0.18786
7	62	0.18845
9	2	0.030815
9	4	0.024296
9	6	0.016395
9	8	0.0045432
9	10	0.0082963
9	12	0.014749
9	14	0.024296
9	16	0.030222
9	17	0.039901
9	19	0.049383
9	20	0.061037
9	22	0.07147
9	23	0.08
9	26	0.093103
9	28	0.10424
9	29	0.10904
9	31	0.11683
9	32	0.12286
9	34	0.13353
9	37	0.13982
9	40	0.15605
9	42	0.16316
9	44	0.16524
9	46	0.16968
9	48	0.17101
9	50	0.17541
9	52	0.17837
11	2	0.036263
11	4	0.027654
11	6	0.019512
11	8	0.013918
11	10	0.0047407
11	12	0.0062551
11	14	0.014617
11	16	0.021333
11	17	0.025942
11	19	0.038519
11	20	0.046222
11	22	0.058074
11	23	0.072955
11	25	0.082222
11	26	0.086123
11	28	0.09284
11	29	0.099753
11	31	0.10458
11	32	0.11209
11	34	0.11694
11	35	0.12774
11	37	0.13651
11	38	0.1444
11	40	0.15068
11	42	0.15862
11	44	0.16059
11	46	0.16672
11	48	0.17117
11	50	0.17196
11	52	0.17275
11	54	0.17354
11	56	0.17432
11	58	0.17511
11	60	0.1759
11	62	0.17669
11	64	0.17916
11	66	0.17936
13	2	0.046222
13	4	0.040099
13	6	0.029103
13	8	0.024494
13	10	0.016395
13	12	0.0039506
13	16	0.014617
13	17	0.023704
13	19	0.033975
13	20	0.044247
13	22	0.056647
13	23	0.065571
13	25	0.073481
13	26	0.080593
13	28	0.083885
13	29	0.095407
13	31	0.095912
13	32	0.098436
13	34	0.11081
13	35	0.11573
13	37	0.12544
13	38	0.13466
13	40	0.14281
13	42	0.15407
13	44	0.15131
13	46	0.15921
13	48	0.16454
13	50	0.16691
13	52	0.17244
13	54	0.17659
13	56	0.17733
13	58	0.17807
13	60	0.17881
13	62	0.17955
13	64	0.18029
13	66	0.18103
13	68	0.18177
13	70	0.18251
15	2	0.050765
15	4	0.039111
15	6	0.037136
15	8	0.028247
15	10	0.016959
15	12	0.010601
15	14	0.0029629
15	16	0.0015802
15	17	0.0090864
15	19	0.01916
15	20	0.03121
15	22	0.034568
15	23	0.04974
15	25	0.064296
15	26	0.067138
15	28	0.075435
15	29	0.08563
15	31	0.093871
15	32	0.09532
15	34	0.1043
15	35	0.10921
15	37	0.1197
15	38	0.12425
15	40	0.13131
15	42	0.13646
15	44	0.13638
15	46	0.14957
15	48	0.1564
15	50	0.16277
15	52	0.16834
15	54	0.173
15	56	0.17362
15	58	0.17425
15	60	0.17487
15	62	0.17549
15	64	0.17611
15	66	0.17673
15	68	0.17735
15	70	0.17798
18	2	0.072494
18	4	0.063704
18	6	0.056494
18	8	0.04721
18	10	0.037531
18	12	0.030617
18	14	0.022519
18	16	0.013432
18	19	0.0037531
18	20	0.014222
18	22	0.022123
18	23	0.031407
18	25	0.043609
18	26	0.05116
18	28	0.059654
18	29	0.068938
18	31	0.074794
18	32	0.081954
18	34	0.089115
18	35	0.096275
18	37	0.10344
18	38	0.1106
18	40	0.11776
18	42	0.12492
18	44	0.12968
18	46	0.13547
18	48	0.14125
18	50	0.14704
18	52	0.16063
18	54	0.16212
18	56	0.1636
18	58	0.16509
18	60	0.16658
18	62	0.16806
18	64	0.16955
18	66	0.17103
18	68	0.17252
18	70	0.17401
18	72	0.17383
18	74	0.17659
18	76	0.17886
18	78	0.18135
18	80	0.18328
18	82	0.18521
18	84	0.18715
18	86	0.18908
18	88	0.19101
21	2	0.094245
21	4	0.085414
21	6	0.076583
21	8	0.067752
21	10	0.05892
21	12	0.050089
21	14	0.041432
21	16	0.033383
21	19	0.014222
21	20	0.0015802
21	22	0.0048907
21	23	0.014815
21	25	0.025481
21	26	0.033975
21	28	0.041679
21	29	0.052543
21	31	0.059259
21	32	0.063741
21	34	0.071989
21	35	0.080237
21	37	0.088485
21	38	0.096734
21	40	0.10566
21	42	0.1121
21	44	0.11855
21	46	0.12499
21	48	0.13144
21	50	0.13393
21	52	0.1442
21	54	0.14721
21	56	0.15023
21	58	0.1495
21	60	0.15131
21	62	0.1519
21	64	0.1513
21	66	0.15274
21	68	0.15419
21	70	0.15563
21	72	0.15707
21	74	0.15851
21	78	0.16199
21	80	0.16338
21	82	0.16477
21	84	0.16393
21	86	0.16422
21	88	0.16451
24	2	0.11516
24	4	0.10627
24	6	0.097383
24	8	0.088362
24	10	0.07921
24	12	0.070123
24	14	0.062025
24	16	0.052938
24	19	0.035975
24	20	0.025481
24	22	0.014815
24	23	0.0059479
24	25	0.0045432
24	26	0.0073086
24	28	0.014617
24	29	0.029877
24	31	0.033567
24	32	0.046617
24	34	0.052842
24	35	0.05936
24	37	0.065878
24	38	0.076313
24	40	0.085728
24	42	0.093827
24	44	0.098765
24	46	0.10676
24	48	0.11299
24	50	0.11819
24	52	0.12563
24	54	0.13136
24	56	0.13531
24	58	0.14104
24	60	0.14409
24	62	0.15061
24	64	0.1519
24	66	0.15467
24	68	0.15562
24	70	0.15658
24	72	0.15754
24	74	0.15849
24	76	0.15945
24	78	0.1604
24	80	0.16136
24	82	0.16231
24	84	0.16327
24	86	0.16423
24	88	0.16518
27	2	0.12674
27	4	0.11937
27	6	0.11199
27	8	0.10462
27	10	0.095291
27	12	0.087526
27	14	0.079762
27	16	0.071997
27	19	0.054229
27	20	0.043694
27	22	0.03388
27	23	0.024379
27	25	0.016988
27	26	0.01363
27	28	0.0049383
27	29	0.01441
27	31	0.022145
27	32	0.02988
27	34	0.037615
27	35	0.043919
27	37	0.052
27	38	0.060081
27	40	0.074332
27	42	0.080783
27	44	0.084337
27	46	0.093136
27	48	0.098568
27	50	0.10758
27	52	0.11205
27	54	0.11652
27	56	0.12099
27	58	0.12545
27	60	0.12992
27	62	0.1363
27	64	0.14005
27	66	0.14811
27	68	0.15278
27	70	0.15526
27	72	0.15664
27	74	0.15827
27	76	0.15972
27	78	0.16117
27	80	0.16262
27	82	0.16407
27	84	0.16552
27	86	0.16697
27	88	0.16843
30	2	0.13748
30	4	0.1284
30	6	0.12148
30	8	0.11632
30	10	0.10489
30	12	0.09916
30	14	0.091457
30	16	0.081679
30	19	0.068938
30	20	0.058272
30	22	0.049975
30	23	0.038716
30	25	0.033383
30	26	0.021333
30	28	0.011852
30	29	0.0031605
30	32	0.012617
30	34	0.021228
30	35	0.02984
30	37	0.038452
30	38	0.047064
30	40	0.055676
30	44	0.066066
30	46	0.073174
30	48	0.080283
30	50	0.087391
30	52	0.094499
30	54	0.10161
30	56	0.10872
30	58	0.11582
33	2	0.14558
33	4	0.14437
33	6	0.13632
33	8	0.13073
33	10	0.12069
33	12	0.11401
33	14	0.10734
33	16	0.09916
33	19	0.085136
33	20	0.071861
33	22	0.064251
33	23	0.05664
33	25	0.049127
33	26	0.040612
33	28	0.032097
33	29	0.026272
33	31	0.01679
33	32	0.0063539
33	34	0.0077037
33	35	0.015407
33	37	0.023539
33	38	0.030123
33	40	0.036708
33	44	0.053808
33	46	0.060811
33	48	0.071111
33	50	0.074816
33	52	0.081819
33	54	0.088822
33	56	0.095824
33	58	0.10117
33	60	0.10632
33	62	0.11147
33	64	0.11398
33	66	0.1197
33	68	0.12693
33	70	0.13208
33	72	0.13748
33	74	0.1438
33	76	0.14708
33	78	0.15115
33	80	0.15521
33	82	0.15928
33	84	0.16334
33	86	0.16243
33	88	0.16336
36	2	0.15368
36	4	0.15032
36	6	0.14804
36	8	0.14183
36	10	0.13452
36	12	0.12752
36	14	0.1205
36	16	0.11349
36	19	0.096885
36	20	0.089097
36	22	0.081309
36	23	0.073521
36	25	0.065733
36	26	0.054716
36	28	0.045037
36	29	0.037926
36	31	0.030815
36	32	0.023704
36	34	0.014617
36	35	0.0055309
36	37	0.0053333
36	38	0.014617
36	40	0.021926
36	42	0.028675
36	44	0.038875
36	46	0.046748
36	48	0.054622
36	50	0.062496
36	52	0.070369
36	54	0.078767
36	56	0.083553
36	58	0.088339
36	60	0.093124
36	62	0.09791
36	64	0.1027
36	66	0.10748
36	68	0.11812
36	70	0.1197
36	72	0.12203
36	74	0.12681
36	76	0.13241
36	78	0.13949
36	80	0.14723
36	82	0.15159
36	84	0.15595
36	86	0.15814
36	88	0.15822
39	6	0.13985
39	8	0.14084
39	10	0.14074
39	12	0.13825
39	14	0.13024
39	16	0.12313
39	19	0.10948
39	20	0.10195
39	22	0.094429
39	23	0.086186
39	25	0.077777
39	26	0.069367
39	28	0.060958
39	29	0.052548
39	31	0.04208
39	32	0.034528
39	34	0.026977
39	35	0.019425
39	37	0.013037
39	38	0.0025679
39	40	0.0043457
39	44	0.019951
39	46	0.027581
39	48	0.035612
39	50	0.043644
39	52	0.054394
39	54	0.061018
39	56	0.067642
39	58	0.07197
39	60	0.077337
39	62	0.082705
39	64	0.088072
39	66	0.093439
39	68	0.098807
39	70	0.10417
39	74	0.11259
39	76	0.11534
39	78	0.12148
39	80	0.12543
43	20	0.1199
43	22	0.11259
43	23	0.1043
43	25	0.096889
43	26	0.086123
43	28	0.079385
43	29	0.073481
43	31	0.064
43	32	0.052938
43	34	0.042074
43	35	0.037412
43	37	0.030061
43	38	0.022014
43	40	0.013037
43	42	0.0061235
43	44	0.0039506
43	46	0.014025
43	48	0.022123
43	50	0.031407
43	52	0.039111
43	54	0.049383
43	58	0.061539
43	60	0.0658
43	62	0.070062
43	64	0.074323
43	66	0.078585
43	68	0.082847
43	70	0.09521
43	74	0.10609
43	76	0.10912
43	78	0.11215
43	80	0.11518
43	82	0.12267
43	84	0.13103
43	88	0.13689
47	2	0.14562
47	4	0.14578
47	6	0.14593
47	8	0.14914
47	10	0.14775
47	12	0.14894
47	14	0.14947
47	16	0.14671
47	19	0.13748
47	20	0.13028
47	22	0.12308
47	23	0.116
47	25	0.10894
47	26	0.10188
47	28	0.094822
47	29	0.086123
47	31	0.079895
47	32	0.073667
47	34	0.063327
47	35	0.055517
47	37	0.047706
47	38	0.040889
47	40	0.030617
47	42	0.022519
47	44	0.014617
47	46	0.0055309
47	48	0.0088889
47	50	0.015802
47	52	0.023018
47	54	0.030738
47	56	0.040148
47	58	0.04958
47	60	0.057735
47	62	0.063004
47	64	0.065383
47	66	0.073424
47	68	0.078634
47	70	0.083845
47	72	0.089055
47	74	0.094265
47	76	0.097996
47	78	0.10114
47	80	0.10702
47	82	0.11511
47	84	0.12032
47	86	0.12553
47	88	0.13074
51	2	0.16648
51	4	0.16968
51	6	0.17205
51	8	0.17192
51	10	0.17304
51	12	0.17244
51	14	0.1681
51	16	0.16158
51	19	0.14731
51	20	0.13993
51	22	0.13255
51	23	0.12518
51	25	0.1178
51	26	0.1096
51	28	0.10653
51	29	0.099715
51	31	0.09187
51	32	0.084025
51	34	0.078763
51	35	0.071264
51	37	0.063765
51	38	0.059457
51	40	0.044247
51	42	0.03707
51	44	0.033072
51	46	0.020543
51	48	0.014518
51	50	0.0031605
51	52	0.0069115
51	54	0.01473
51	56	0.022549
51	58	0.031798
51	60	0.039793
51	62	0.047788
51	64	0.056944
51	66	0.062192
51	68	0.067441
51	70	0.072689
51	72	0.077937
51	74	0.083185
51	76	0.088433
51	78	0.093681
51	80	0.09893
51	82	0.10418
51	84	0.10943
51	86	0.11467
51	88	0.11992
55	12	0.15349
55	14	0.15331
55	16	0.15313
55	19	0.15348
55	20	0.1529
55	22	0.14653
55	23	0.14108
55	25	0.13427
55	26	0.12746
55	28	0.12071
55	29	0.11439
55	31	0.10673
55	32	0.098073
55	35	0.08462
55	37	0.078556
55	40	0.064665
55	42	0.056702
55	44	0.049393
55	46	0.040249
55	48	0.033299
55	50	0.024148
55	52	0.015206
55	54	0.0061235
55	56	0.0049381
55	58	0.012449
55	60	0.020263
55	62	0.028078
55	64	0.035892
55	66	0.043706
55	68	0.053576
55	70	0.059654
55	72	0.065732
55	74	0.070679
55	76	0.076013
55	78	0.081348
55	80	0.086683
55	82	0.092018
55	84	0.098166
55	86	0.10235
55	88	0.10654
59	8	0.15073
59	10	0.15107
59	12	0.15142
59	14	0.15176
59	16	0.15211
59	17	0.15245
59	19	0.15289
59	20	0.1517
59	22	0.15214
59	23	0.15026
59	25	0.14433
59	26	0.13867
59	28	0.13241
59	29	0.12089
59	31	0.11457
59	32	0.10825
59	34	0.10193
59	35	0.095605
59	37	0.089284
59	38	0.083259
59	40	0.076675
59	42	0.070091
59	44	0.063506
59	46	0.054519
59	48	0.048988
59	50	0.039901
59	52	0.030025
59	54	0.02377
59	56	0.016198
59	58	0.0043676
59	60	0.0059259
59	62	0.010074
59	64	0.019762
59	66	0.028
59	68	0.036238
59	70	0.044475
59	72	0.051424
59	74	0.059852
59	76	0.066759
59	78	0.073238
59	80	0.078331
59	82	0.083424
59	84	0.088517
59	86	0.09361
59	88	0.098703
63	12	0.1543
63	14	0.15447
63	16	0.15464
63	19	0.15228
63	20	0.15203
63	22	0.15178
63	23	0.15005
63	25	0.14716
63	26	0.14005
63	28	0.13628
63	29	0.12938
63	31	0.12247
63	32	0.11557
63	37	0.099753
63	38	0.085897
63	40	0.078793
63	42	0.075918
63	44	0.070853
63	46	0.065788
63	48	0.064712
63	50	0.055617
63	52	0.046522
63	54	0.03929
63	56	0.032133
63	58	0.024976
63	60	0.015407
63	62	0.0051356
63	64	0.0040635
63	66	0.013535
63	68	0.021192
63	70	0.02885
63	72	0.036508
63	74	0.044447
63	76	0.050113
63	78	0.057679
63	80	0.064593
63	82	0.070138
63	84	0.07684
63	86	0.078444
63	88	0.08411
67	37	0.11579
67	38	0.1039
67	40	0.096066
67	46	0.07707
67	48	0.075128
67	50	0.072494
67	52	0.070321
67	54	0.051951
67	58	0.033975
67	60	0.030157
67	62	0.024297
67	64	0.014222
67	66	0.0040824
67	68	0.0045432
67	70	0.0079012
67	72	0.009679
67	74	0.019753
67	76	0.035358
67	78	0.04394
67	80	0.053847
67	82	0.056325
67	84	0.063465
67	86	0.070123
67	88	0.074667
71	19	0.15703
71	20	0.15694
71	22	0.15685
71	23	0.15676
71	25	0.15666
71	34	0.13116
71	35	0.12721
71	37	0.11516
71	38	0.1041
71	40	0.10034
71	42	0.09758
71	44	0.090996
71	46	0.086215
71	48	0.081855
71	50	0.077495
71	52	0.072032
71	54	0.068481
71	56	0.062222
71	58	0.053443
71	60	0.046667
71	62	0.039275
71	64	0.031883
71	66	0.024491
71	68	0.014519
71	70	0.0045432
71	72	0.0037536
71	74	0.011101
71	76	0.018473
71	78	0.030617
71	80	0.038558
71	82	0.046881
71	84	0.054519
71	86	0.059819
71	88	0.06558
75	12	0.16056
75	14	0.16036
75	16	0.16016
75	17	0.15997
75	19	0.15977
75	20	0.15957
75	22	0.15937
75	23	0.1606
75	25	0.16
75	26	0.1594
75	28	0.1588
75	29	0.1582
75	31	0.15723
75	32	0.15468
75	34	0.1432
75	35	0.1363
75	37	0.1294
75	38	0.1225
75	40	0.1156
75	42	0.11019
75	44	0.10463
75	46	0.099065
75	48	0.093505
75	50	0.087945
75	52	0.083753
75	54	0.078025
75	56	0.07256
75	58	0.070519
75	60	0.059883
75	62	0.053136
75	64	0.046617
75	66	0.038716
75	68	0.071904
75	70	0.020938
75	72	0.027194
75	74	0.0043457
75	76	0.0065185
75	78	0.014815
75	80	0.021926
75	82	0.028488
75	84	0.038603
75	86	0.045169
75	88	0.048988
79	23	0.16519
79	25	0.16343
79	26	0.16166
79	28	0.15989
79	32	0.15067
79	35	0.14328
79	38	0.12704
79	40	0.1233
79	42	0.11561
79	44	0.11097
79	46	0.10633
79	48	0.10169
79	50	0.097045
79	52	0.09292
79	54	0.088914
79	56	0.084909
79	58	0.080904
79	60	0.073563
79	62	0.067759
79	64	0.061955
79	66	0.05615
79	68	0.050488
79	70	0.04074
79	72	0.030992
79	74	0.022123
79	76	0.015407
79	78	0.0038742
79	80	0.0071257
79	82	0.014821
79	84	0.022782
79	86	0.030743
79	88	0.038704
83	35	0.15743
83	37	0.15159
83	38	0.144
83	40	0.1357
83	42	0.13452
83	44	0.12565
83	46	0.12026
83	48	0.11487
83	50	0.10948
83	52	0.10409
83	54	0.099951
83	56	0.095852
83	58	0.091128
83	60	0.084115
83	62	0.077827
83	64	0.072296
83	66	0.066667
83	68	0.05891
83	70	0.051153
83	72	0.043396
83	74	0.038507
83	76	0.029215
83	78	0.019923
83	80	0.010632
83	82	0.0042798
83	84	0.0013827
83	86	0.012247
87	12	0.16889
87	14	0.16833
87	16	0.16777
87	17	0.16721
87	19	0.16665
87	20	0.1661
87	22	0.16554
87	23	0.16498
87	25	0.16442
87	26	0.16386
87	28	0.1633
87	29	0.16274
87	31	0.16218
87	32	0.16162
87	34	0.16106
87	35	0.16089
87	37	0.15699
87	38	0.15309
87	40	0.14918
87	42	0.13677
87	44	0.13323
87	46	0.12469
87	48	0.12096
87	50	0.11722
87	52	0.11519
87	54	0.10971
87	56	0.10423
87	58	0.098162
87	60	0.092368
87	62	0.086574
87	64	0.080869
87	66	0.076399
87	68	0.071928
87	70	0.067458
87	72	0.061262
87	74	0.053936
87	76	0.046611
87	78	0.040363
87	80	0.031976
87	82	0.02359
87	84	0.015204
87	86	0.0035556
89	19	0.17013
89	20	0.16939
89	22	0.16865
89	23	0.1679
89	25	0.16716
89	26	0.16641
89	28	0.16567
89	29	0.16493
89	31	0.16418
89	32	0.16344
89	34	0.16269
89	35	0.16195
89	37	0.16023
89	38	0.15459
89	40	0.14896
89	42	0.14362
89	44	0.1388
89	46	0.13397
89	48	0.12915
89	50	0.12432
89	52	0.1195
89	54	0.11467
89	56	0.10985
89	58	0.10502
89	60	0.098661
89	62	0.093418
89	64	0.088176
89	66	0.082933
89	68	0.077452
89	70	0.072597
89	72	0.067742
89	74	0.062888
89	76	0.054308
89	78	0.046897
89	80	0.039486
89	82	0.032075
89	84	0.022519
89	86	0.01363
89	88	0.0068247
41	42	0.012247
41	44	0.017481
41	46	0.028444
41	48	0.035951
41	50	0.045222
41	52	0.052346
41	54	0.059852
41	56	0.067358
41	58	0.070123
41	60	0.073827
41	62	0.077432
41	64	0.084148
41	66	0.088494
41	68	0.094222
41	70	0.10272
41	72	0.10607
41	74	0.10904
41	76	0.11457
41	78	0.11872
41	80	0.12405
41	82	0.13136
41	84	0.1357
41	86	0.14044
41	88	0.14499
41	90	0.15289
41	93	0.16119
41	94	0.16257
41	96	0.16399
41	97	0.16573
41	99	0.16494
41	100	0.16336
41	103	0.17007
41	105	0.17402
41	106	0.1764
41	108	0.1757
41	109	0.17363
41	111	0.176
41	112	0.17402
41	114	0.176
41	117	0.17758
41	118	0.17528
41	123	0.18212
45	42	0.009679
45	46	0.0015802
45	48	0.01284
45	50	0.019753
45	52	0.029432
45	54	0.037531
45	58	0.046222
45	60	0.051753
45	66	0.067358
45	68	0.07763
45	70	0.089481
45	74	0.098568
45	76	0.10114
45	78	0.10667
45	80	0.11259
45	82	0.11603
45	84	0.12444
45	86	0.12662
45	88	0.12504
45	93	0.13037
45	94	0.1363
45	96	0.14084
45	99	0.15486
45	100	0.16059
45	103	0.16672
45	105	0.16632
45	106	0.16514
45	108	0.16756
45	109	0.16593
45	117	0.16623
45	118	0.16217
45	120	0.16316
45	123	0.16849
49	42	0.027259
49	44	0.022782
49	46	0.010667
49	48	0.0037533
49	50	0.0031603
49	52	0.011654
49	54	0.021531
49	56	0.02884
49	58	0.036346
49	60	0.04484
49	62	0.053817
49	64	0.058667
49	66	0.066173
49	68	0.073185
49	70	0.077136
49	72	0.08
49	74	0.08316
49	76	0.091203
49	78	0.096077
49	80	0.099951
49	82	0.10568
49	84	0.11121
49	86	0.1116
49	93	0.13314
49	94	0.13946
49	96	0.14617
49	103	0.16223
49	105	0.16296
49	106	0.16368
49	108	0.16441
49	109	0.16513
49	111	0.16586
49	112	0.16658
49	114	0.16731
49	115	0.16751
49	117	0.16553
49	118	0.1604
49	120	0.16
53	42	0.03279
53	44	0.028247
53	46	0.024296
53	48	0.019951
53	50	0.010667
53	52	0.0045432
53	54	0.0037531
53	56	0.0059265
53	58	0.021705
53	62	0.024296
53	64	0.030058
53	66	0.037689
53	68	0.04958
53	72	0.057086
53	74	0.063871
53	76	0.068346
53	78	0.069136
53	86	0.098173
53	88	0.09916
53	93	0.11595
53	94	0.12286
57	42	0.043654
57	46	0.039111
57	48	0.036739
57	50	0.02963
57	52	0.019951
57	54	0.0073086
57	56	0.0043457
57	58	0.0061235
57	60	0.015605
57	62	0.021531
57	64	0.027852
57	66	0.030741
57	70	0.038716
57	72	0.04721
57	74	0.060643
57	76	0.062815
57	78	0.069136
57	86	0.084938
57	90	0.094025
57	93	0.099753
61	42	0.050173
61	44	0.050173
61	46	0.041086
61	48	0.036543
61	50	0.03121
61	52	0.019951
61	54	0.012247
61	56	0.011259
61	58	0.0056297
61	60	0.0045432
61	62	0.0049383
61	64	0.0079012
61	66	0.0045432
61	68	0.014222
61	70	0.023111
61	72	0.027852
61	74	0.038123
61	76	0.044089
61	78	0.052543
61	80	0.053531
61	82	0.062815
61	84	0.068543
61	86	0.074074
61	90	0.082765
61	91	0.091753
61	93	0.094815
61	94	0.099358
61	96	0.10489
61	99	0.11259
61	100	0.11753
61	103	0.14044
61	105	0.14104
65	42	0.083358
65	44	0.077235
65	46	0.073086
65	48	0.070716
65	50	0.063802
65	52	0.056494
65	54	0.04958
65	56	0.040889
65	58	0.033975
65	60	0.024889
65	62	0.017383
65	64	0.0084938
65	66	0.0061235
65	68	0.015802
65	70	0.023704
65	72	0.032988
65	74	0.039111
65	76	0.047506
65	78	0.05602
65	80	0.061037
65	82	0.067951
65	84	0.073481
65	86	0.078025
65	88	0.081246
65	90	0.086005
65	91	0.091259
65	93	0.094659
65	94	0.10054
65	96	0.1079
65	97	0.11565
65	99	0.11536
65	100	0.11916
65	102	0.13205
65	103	0.13073
65	105	0.14657
65	106	0.15309
65	108	0.15941
65	109	0.15862
65	111	0.15881
65	112	0.15921
65	114	0.15797
69	42	0.090864
69	44	0.082765
69	46	0.079407
69	48	0.078617
69	50	0.073481
69	52	0.06558
69	54	0.057416
69	56	0.054519
69	58	0.036938
69	60	0.031802
69	62	0.029432
69	64	0.022716
69	66	0.014815
69	68	0.0055309
69	70	0.006716
69	72	0.015802
69	74	0.015803
69	76	0.016198
69	78	0.026074
69	80	0.026074
69	82	0.028346
69	86	0.034074
69	88	0.042074
69	90	0.058864
69	91	0.06479
69	93	0.074074
69	94	0.09284
69	96	0.098173
69	99	0.1069
69	100	0.11319
69	103	0.13689
69	108	0.15261
69	109	0.1571
69	111	0.16158
69	118	0.16166
69	120	0.16203
69	121	0.1624
69	123	0.16277
69	124	0.16314
73	42	0.10035
73	44	0.095565
73	46	0.090074
73	48	0.086519
73	50	0.079407
73	52	0.078815
73	54	0.072296
73	56	0.067951
73	58	0.063802
73	60	0.052543
73	62	0.046815
73	64	0.039309
73	66	0.03358
73	68	0.024494
73	70	0.01442
73	72	0.0079012
73	74	0.0031605
73	76	0.013333
73	78	0.021926
73	80	0.027943
73	82	0.03516
73	84	0.04445
73	86	0.051951
73	88	0.056889
73	90	0.062025
73	91	0.065975
73	93	0.070123
73	94	0.077432
73	96	0.086123
73	99	0.092247
73	100	0.099753
73	103	0.11911
73	105	0.12444
73	106	0.13156
73	108	0.14104
73	109	0.15032
73	111	0.15491
73	112	0.15622
73	114	0.15754
73	117	0.1594
73	118	0.15991
73	120	0.16042
73	121	0.16094
73	123	0.16145
73	124	0.16196
77	42	0.096988
77	44	0.088296
77	48	0.086716
77	50	0.076444
77	52	0.065975
77	56	0.060444
77	60	0.055901
77	64	0.04484
77	66	0.042667
77	68	0.038123
77	70	0.026074
77	72	0.020938
77	74	0.01521
77	76	0.0057284
77	78	0.0037531
77	80	0.014617
77	82	0.017975
77	84	0.021333
77	86	0.024494
77	88	0.022519
77	90	0.024889
77	91	0.03516
77	93	0.049383
77	94	0.052346
77	96	0.058497
77	99	0.072494
77	100	0.081738
77	103	0.10746
77	105	0.11753
77	106	0.12405
77	109	0.13748
77	111	0.14249
77	112	0.15111
77	114	0.15402
77	117	0.15744
77	118	0.15809
77	120	0.15874
77	121	0.1594
77	123	0.16005
77	124	0.1607
81	42	0.12326
81	44	0.12049
81	46	0.11358
81	48	0.10331
81	50	0.10311
81	52	0.096395
81	54	0.094222
81	56	0.091259
81	58	0.085531
81	60	0.077827
81	62	0.070913
81	64	0.064395
81	66	0.060444
81	68	0.051358
81	70	0.042667
81	72	0.037926
81	74	0.031407
81	76	0.022716
81	78	0.0071111
81	80	0.0027654
81	82	0.0045432
81	84	0.012247
81	86	0.018568
81	90	0.034765
81	91	0.044905
81	93	0.049975
81	94	0.059626
81	96	0.069728
81	97	0.075536
81	99	0.080593
81	100	0.082239
81	102	0.09363
81	103	0.1023
81	105	0.10904
81	106	0.11516
81	108	0.12346
81	109	0.12958
81	111	0.13412
81	112	0.1444
81	114	0.15066
81	115	0.15165
81	117	0.15264
81	118	0.15363
81	121	0.15607
81	123	0.15651
81	124	0.15694
85	42	0.13065
85	44	0.12217
85	46	0.12207
85	48	0.11911
85	50	0.1159
85	52	0.10844
85	54	0.10509
85	56	0.099951
85	58	0.098568
85	60	0.090074
85	62	0.085136
85	64	0.07763
85	66	0.072494
85	68	0.069175
85	70	0.062025
85	72	0.056494
85	74	0.04721
85	76	0.038519
85	78	0.030815
85	80	0.020147
85	82	0.01363
85	84	0.006716
85	86	0.0039506
85	88	0.012444
85	90	0.017383
85	91	0.023901
85	93	0.024669
85	94	0.034173
85	96	0.050173
85	99	0.063802
85	100	0.068543
85	103	0.087865
85	105	0.092247
85	106	0.10884
85	108	0.11498
85	109	0.1197
85	111	0.12382
85	112	0.12958
85	114	0.13531
85	117	0.15487
85	118	0.15504
85	120	0.15522
85	123	0.15135
89	42	0.14478
89	44	0.13955
89	46	0.13433
89	48	0.1291
89	50	0.12387
89	52	0.11674
89	56	0.10627
89	58	0.10094
89	60	0.09363
89	62	0.089481
89	64	0.085136
89	66	0.08
89	68	0.074667
89	70	0.068412
89	72	0.065975
89	74	0.062222
89	76	0.055309
89	78	0.046617
89	80	0.038716
89	82	0.029432
89	84	0.021926
89	86	0.013037
89	88	0.0053333
89	90	0.0090864
89	91	0.014617
89	93	0.021926
89	94	0.026272
89	96	0.033975
89	97	0.042272
89	99	0.048395
89	100	0.052543
89	102	0.058864
92	42	0.15289
92	44	0.15131
92	46	0.14578
92	48	0.13926
92	50	0.13412
92	52	0.13077
92	54	0.12504
92	56	0.11654
92	58	0.10884
92	60	0.10667
92	62	0.10212
92	64	0.095802
92	66	0.091457
92	68	0.084346
92	70	0.078815
92	72	0.074074
92	74	0.071309
92	76	0.066765
92	78	0.064
92	80	0.055111
92	82	0.046617
92	84	0.038603
92	86	0.027231
92	88	0.022716
92	90	0.014617
92	91	0.0085927
92	93	0.0053333
92	94	0.012741
92	96	0.019753
92	97	0.027062
92	99	0.031407
92	100	0.036346
92	102	0.041086
92	103	0.050371
92	105	0.058864
92	106	0.065975
92	109	0.08158
92	111	0.090667
92	112	0.086123
92	114	0.096988
92	117	0.099358
92	118	0.099534
92	120	0.10331
95	42	0.15645
95	44	0.15502
95	46	0.15359
95	48	0.14962
95	50	0.14559
95	52	0.13774
95	54	0.13347
95	56	0.12919
95	58	0.12492
95	60	0.11675
95	62	0.11154
95	64	0.10634
95	66	0.10074
95	68	0.095686
95	70	0.090635
95	72	0.087704
95	74	0.081586
95	76	0.07672
95	78	0.071854
95	80	0.066988
95	82	0.062122
95	84	0.054716
95	86	0.04484
95	88	0.034568
95	90	0.027259
95	91	0.020543
95	93	0.014617
95	94	0.0084939
95	96	0.0059259
95	97	0.01355
95	99	0.019959
95	100	0.026369
95	102	0.032779
95	103	0.038289
95	105	0.046558
95	106	0.054826
95	108	0.063095
95	109	0.074074
95	112	0.10094
95	114	0.10983
98	42	0.15746
98	44	0.15704
98	46	0.15662
98	48	0.15598
98	50	0.15349
98	52	0.151
98	54	0.14744
98	56	0.1413
98	58	0.13515
98	60	0.12901
98	62	0.12287
98	64	0.11799
98	66	0.11194
98	68	0.10589
98	70	0.099846
98	72	0.094555
98	74	0.089918
98	76	0.085281
98	78	0.080644
98	80	0.076006
98	82	0.071309
98	84	0.067753
98	86	0.057087
98	88	0.047802
98	90	0.037399
98	91	0.030815
98	93	0.026272
98	94	0.019753
98	96	0.013432
98	99	0.0039506
98	100	0.010439
98	102	0.01758
98	103	0.022631
98	105	0.028773
98	106	0.037531
98	108	0.047407
98	109	0.058074
98	111	0.062222
98	114	0.077432
101	66	0.12741
101	68	0.12109
101	70	0.11878
101	72	0.11022
101	76	0.1039
101	78	0.092851
101	80	0.090319
101	82	0.087786
101	84	0.082173
101	90	0.055111
101	91	0.046617
101	93	0.039704
101	94	0.032988
101	96	0.025086
101	97	0.018568
101	99	0.012247
101	100	0.0051359
101	102	0.0039506
101	103	0.012247
101	105	0.021542
101	106	0.029374
101	108	0.037206
101	109	0.045038
101	111	0.05287
101	112	0.076444
101	114	0.076444
104	42	0.17267
104	44	0.17156
104	46	0.17045
104	48	0.16989
104	50	0.1688
104	52	0.16772
104	54	0.16663
104	56	0.16158
104	58	0.16158
104	60	0.1598
104	62	0.15561
104	64	0.14677
104	66	0.14018
104	68	0.13622
104	70	0.13226
104	72	0.1283
104	74	0.12434
104	76	0.12037
104	78	0.11641
104	80	0.10746
104	82	0.10331
104	84	0.098173
104	86	0.090667
104	88	0.08
104	90	0.072494
104	91	0.064724
104	93	0.056494
104	94	0.04958
104	96	0.042337
104	97	0.035951
104	99	0.029037
104	100	0.021531
104	102	0.01521
104	103	0.0071111
104	105	0.0055309
104	106	0.014222
104	108	0.023309
104	109	0.032988
104	111	0.039111
104	112	0.047802
104	114	0.059852
104	117	0.081668
104	118	0.097975
104	120	0.10246
104	121	0.10884
104	123	0.11523
104	124	0.12161
107	44	0.17205
107	46	0.17205
107	48	0.16882
107	50	0.16889
107	52	0.16672
107	54	0.16277
107	56	0.16277
107	58	0.16217
107	60	0.16217
107	62	0.16
107	64	0.15802
107	66	0.15605
107	68	0.1523
107	70	0.14736
107	72	0.14012
107	74	0.13649
107	76	0.13175
107	78	0.1278
107	80	0.12385
107	82	0.11931
107	84	0.11398
107	86	0.10795
107	90	0.090667
107	91	0.084938
107	94	0.067753
107	96	0.06084
107	97	0.053926
107	99	0.048
107	100	0.041086
107	102	0.032988
107	103	0.027062
107	105	0.018173
107	106	0.0094815
107	108	0.0082963
107	109	0.018371
107	111	0.025481
107	114	0.045432
107	117	0.069728
107	118	0.080988
107	120	0.08586
107	121	0.096619
107	123	0.10153
107	124	0.10785
110	50	0.16731
110	52	0.16553
110	54	0.16553
110	56	0.16375
110	58	0.15954
110	60	0.15934
110	62	0.15901
110	64	0.15926
110	66	0.15941
110	68	0.15605
110	70	0.15605
110	72	0.15306
110	74	0.1519
110	76	0.14894
110	78	0.144
110	80	0.13679
110	82	0.13294
110	84	0.12891
110	86	0.12484
110	88	0.12148
110	90	0.11062
110	94	0.082173
110	96	0.079951
110	97	0.070716
110	99	0.065383
110	100	0.055901
110	102	0.049383
110	103	0.042074
110	105	0.034568
110	106	0.027062
110	108	0.018568
110	109	0.006321
110	111	0.0055309
110	114	0.024362
110	117	0.047802
110	118	0.059852
110	120	0.067358
110	121	0.081185
110	123	0.084543
110	124	0.092444
113	66	0.16217
113	68	0.1604
113	70	0.15743
113	72	0.15704
113	76	0.15377
113	78	0.15249
113	80	0.15131
113	82	0.14854
113	84	0.144
113	86	0.13969
113	88	0.13428
113	90	0.128
113	91	0.12622
113	93	0.12405
113	96	0.098765
113	97	0.091852
113	99	0.084609
113	100	0.077195
113	102	0.071309
113	103	0.063802
113	105	0.054716
113	106	0.046815
113	108	0.038716
113	109	0.026667
113	111	0.019358
113	112	0.0071111
113	114	0.0077037
113	115	0.01758
113	117	0.022716
113	118	0.033383
113	120	0.041679
113	121	0.04958
113	123	0.062815
116	48	0.17837
116	50	0.17975
116	52	0.17778
116	54	0.17778
116	56	0.176
116	58	0.17481
116	60	0.17462
116	62	0.17521
116	64	0.17264
116	66	0.17264
116	68	0.17027
116	70	0.17027
116	72	0.16948
116	74	0.16947
116	76	0.16909
116	78	0.1683
116	80	0.16454
116	82	0.16158
116	84	0.16119
116	86	0.15743
116	88	0.15407
116	90	0.14914
116	91	0.14775
116	93	0.14479
116	94	0.13536
116	96	0.13106
116	97	0.12227
116	99	0.11753
116	100	0.11022
116	102	0.098568
116	103	0.091259
116	105	0.07921
116	106	0.072296
116	108	0.062617
116	109	0.046617
116	111	0.034765
116	112	0.025086
116	114	0.014617
116	115	0.0073086
116	117	0.0065185
116	118	0.015407
116	120	0.026667
116	121	0.038123
116	123	0.049975
116	124	0.059523
119	68	0.15822
119	70	0.15664
119	74	0.15644
119	76	0.15585
119	78	0.15467
119	80	0.15546
119	82	0.15407
119	84	0.15249
119	86	0.1523
119	88	0.1519
119	90	0.14953
119	91	0.15032
119	93	0.14854
119	94	0.144
119	96	0.13926
119	97	0.13195
119	99	0.12596
119	100	0.12168
119	102	0.1118
119	103	0.10548
119	105	0.095407
119	106	0.087704
119	108	0.078222
119	109	0.06716
119	111	0.057086
119	112	0.046617
119	114	0.035654
119	117	0.01758
119	118	0.0079012
119	120	0.0061235
119	121	0.013432
119	123	0.021926
119	124	0.042272
122	91	0.14795
122	93	0.14747
122	94	0.14736
122	96	0.14459
122	97	0.14104
122	99	0.13491
122	100	0.13017
122	102	0.12543
122	103	0.11687
122	105	0.10746
122	106	0.10232
122	108	0.092329
122	109	0.086123
122	111	0.077498
122	112	0.063144
122	114	0.054716
122	120	0.018568
122	121	0.0061235
122	123	0.0082963
122	124	0.012247
125	109	0.099753
125	111	0.091259
125	112	0.08744
125	114	0.078617
125	117	0.063407
125	118	0.052938
125	120	0.049975
125	121	0.031407
125	123	0.020346
125	124	0.0079012
89	90	0.0045432
89	91	0.01284
89	93	0.019951
89	94	0.024494
89	96	0.030025
89	97	0.039309
89	100	0.053926
89	102	0.06163
89	105	0.079407
89	109	0.1037
89	111	0.10924
89	112	0.12602
89	114	0.1359
89	115	0.13926
89	117	0.14153
89	118	0.14775
89	120	0.14795
89	121	0.14736
92	90	0.015802
92	91	0.0071111
92	93	0.0059259
92	94	0.012247
92	96	0.021926
92	97	0.028247
92	100	0.038716
92	105	0.059457
92	108	0.078815
92	109	0.090864
92	111	0.11147
92	112	0.11931
92	114	0.12741
92	115	0.13412
92	117	0.1363
92	118	0.14321
92	127	0.16909
92	129	0.17244
92	130	0.17205
92	132	0.17521
92	133	0.17659
92	135	0.17837
92	136	0.17758
92	139	0.18061
92	140	0.18054
92	143	0.18173
92	144	0.18232
92	147	0.18331
92	148	0.18548
95	90	0.027259
95	91	0.01916
95	93	0.014716
95	94	0.0079012
95	96	0.006716
95	97	0.015276
95	99	0.019358
95	100	0.025679
95	102	0.033383
95	105	0.049383
95	108	0.066568
95	109	0.075654
95	111	0.081953
95	112	0.097383
95	114	0.11437
95	115	0.12049
95	117	0.12484
95	118	0.13373
95	127	0.16336
95	129	0.16672
95	130	0.16889
95	132	0.17086
95	133	0.17402
95	135	0.1758
95	136	0.17916
95	139	0.17936
95	140	0.17995
95	143	0.18153
95	144	0.1843
95	147	0.18568
95	148	0.18746
95	150	0.18844
98	90	0.046617
98	91	0.033975
98	93	0.028247
98	94	0.019885
98	96	0.01363
98	97	0.0071111
98	99	0.0065185
98	100	0.01161
98	102	0.022123
98	105	0.036938
98	108	0.05386
98	109	0.059852
98	111	0.067753
98	112	0.073086
98	115	0.087309
98	117	0.089481
101	90	0.054123
101	91	0.046617
101	93	0.039704
101	94	0.034765
101	96	0.028444
101	97	0.021465
101	100	0.006716
101	102	0.006716
101	105	0.022519
101	108	0.041481
101	109	0.04958
101	111	0.055901
101	112	0.076444
101	114	0.081383
101	115	0.085026
101	117	0.099358
101	118	0.10094
104	90	0.054123
104	91	0.046617
104	93	0.039704
104	94	0.031802
104	96	0.027062
104	97	0.019951
104	100	0.006716
104	102	0.006716
104	105	0.022519
104	108	0.041481
104	109	0.04958
104	111	0.055901
104	112	0.076444
104	114	0.081383
104	115	0.085026
104	117	0.099358
104	118	0.10094
107	105	0.017665
107	108	0.0077037
107	109	0.018765
107	111	0.024649
107	112	0.035358
107	114	0.045037
107	115	0.055309
107	117	0.069136
107	118	0.081383
107	136	0.17205
107	139	0.17449
107	140	0.176
107	143	0.17758
107	144	0.17837
107	147	0.17758
107	148	0.17817
107	150	0.17817
107	151	0.18035
107	154	0.17916
107	156	0.18054
107	157	0.18291
107	159	0.18548
107	160	0.18923
107	162	0.18963
107	163	0.19141
110	90	0.10607
110	91	0.096395
110	96	0.075852
110	97	0.067951
110	99	0.059852
110	100	0.055111
110	102	0.047708
110	105	0.034173
110	108	0.017975
110	109	0.0073086
110	111	0.0059259
110	112	0.01679
110	114	0.027654
110	115	0.036346
110	117	0.043654
110	118	0.054519
110	127	0.098638
110	129	0.10331
110	130	0.10509
110	135	0.11911
110	136	0.13116
110	139	0.13347
110	140	0.13531
110	143	0.1357
110	144	0.13748
110	147	0.13807
110	148	0.13985
113	90	0.11022
113	93	0.10607
113	96	0.096988
113	97	0.089086
113	102	0.070519
113	105	0.052346
113	108	0.036543
113	109	0.025679
113	111	0.015868
113	112	0.0070124
113	114	0.0082963
113	115	0.014222
113	117	0.023704
113	118	0.034173
113	127	0.084938
113	129	0.092861
113	130	0.097383
113	133	0.10219
113	135	0.10746
113	140	0.12346
113	144	0.12899
113	147	0.13254
113	148	0.13886
113	150	0.144
116	90	0.14038
116	91	0.13689
116	93	0.1357
116	94	0.1278
116	96	0.12207
116	97	0.10844
116	102	0.08619
116	105	0.073679
116	108	0.055111
116	109	0.045432
116	111	0.032823
116	112	0.024296
116	114	0.014617
116	115	0.0073086
116	117	0.0082963
116	118	0.019556
116	127	0.07684
116	129	0.077498
116	130	0.083358
116	135	0.097383
116	136	0.10785
116	140	0.11579
116	143	0.11911
116	144	0.12563
116	147	0.1334
116	148	0.13412
116	150	0.1357
116	156	0.14341
119	90	0.14854
119	91	0.14795
119	93	0.14558
119	94	0.13886
119	96	0.13689
119	97	0.12859
119	100	0.11872
119	102	0.10688
119	105	0.094222
119	108	0.073481
119	111	0.053926
119	112	0.046025
119	114	0.035951
119	115	0.027852
119	117	0.017975
119	118	0.0077037
119	127	0.062025
119	129	0.068938
119	130	0.071111
119	132	0.078222
119	133	0.082568
119	135	0.089481
119	136	0.096988
119	140	0.10449
119	143	0.11002
119	148	0.12681
119	150	0.13412
119	151	0.13748
119	154	0.13768
119	156	0.13985
119	157	0.14143
119	159	0.14345
119	160	0.1444
119	162	0.14558
119	163	0.14716
122	90	0.13827
122	105	0.095407
122	108	0.082173
122	109	0.073481
122	111	0.063802
122	112	0.053136
122	114	0.043654
122	115	0.03516
122	117	0.023901
122	118	0.016988
122	127	0.030815
122	129	0.037531
122	130	0.042272
122	132	0.048395
122	133	0.055111
122	135	0.062222
122	136	0.065778
122	139	0.071111
122	140	0.076972
122	143	0.080593
122	148	0.096988
122	150	0.10726
122	153	0.11714
122	157	0.12227
122	159	0.128
125	90	0.14835
125	91	0.14894
125	93	0.14782
125	94	0.14775
125	96	0.14657
125	97	0.14459
125	100	0.1359
125	102	0.13175
125	105	0.11635
125	108	0.10449
125	109	0.09916
125	111	0.089679
125	112	0.082831
125	114	0.076247
125	115	0.069531
125	117	0.061037
125	118	0.051951
125	126	0.0049383
125	127	0.015802
125	129	0.020938
125	130	0.031802
125	132	0.040889
125	133	0.047232
125	135	0.057745
125	136	0.06321
125	139	0.067951
125	140	0.076444
125	143	0.082568
125	144	0.089481
125	147	0.096
125	148	0.10035
125	150	0.10667
125	153	0.11812
125	156	0.12563
125	157	0.13373
125	159	0.13719
125	160	0.13807
125	162	0.13985
125	163	0.13959
128	90	0.14914
128	91	0.15032
128	93	0.14914
128	94	0.1494
128	96	0.14854
128	97	0.14677
128	100	0.1438
128	102	0.14044
128	105	0.12622
128	108	0.11105
128	109	0.10825
128	111	0.092114
128	112	0.089679
128	114	0.084346
128	115	0.07813
128	117	0.072296
128	118	0.070321
128	120	0.058074
128	121	0.05116
128	127	0.0073086
128	129	0.006716
128	130	0.015407
128	132	0.020543
128	133	0.030222
128	135	0.038123
128	136	0.04563
128	139	0.04879
128	140	0.055309
128	143	0.06163
128	144	0.067753
128	147	0.074074
128	148	0.077037
128	150	0.083358
128	151	0.09284
128	153	0.098568
128	156	0.10754
128	157	0.11911
128	160	0.12919
128	162	0.12919
128	163	0.12764
131	90	0.14459
131	91	0.14242
131	93	0.14202
131	94	0.14143
131	96	0.14163
131	100	0.13768
131	102	0.13768
131	105	0.13294
131	108	0.11863
131	109	0.11457
131	111	0.1043
131	112	0.098173
131	114	0.090864
131	115	0.084346
131	117	0.079374
131	118	0.071901
131	126	0.040296
131	127	0.021333
131	129	0.013432
131	130	0.0055309
131	132	0.0021728
131	133	0.012444
131	135	0.022123
131	136	0.03121
131	139	0.033383
131	140	0.041679
131	143	0.046815
131	144	0.051621
131	147	0.055111
131	148	0.061629
131	150	0.068938
131	151	0.076675
131	153	0.078815
131	156	0.089086
134	90	0.14854
134	91	0.14953
134	93	0.14835
134	94	0.14894
134	96	0.14894
134	102	0.14558
134	105	0.14262
134	111	0.11753
134	112	0.10908
134	114	0.10746
134	115	0.097383
134	117	0.094288
134	118	0.087111
134	126	0.043523
134	127	0.040625
134	129	0.031407
134	130	0.024494
134	132	0.016198
134	133	0.0053333
134	135	0.0094815
134	136	0.018765
134	139	0.023309
134	140	0.030815
134	143	0.037531
134	144	0.042667
134	147	0.049054
134	148	0.052543
134	150	0.057679
134	151	0.066765
134	153	0.070519
134	154	0.073086
134	156	0.080395
134	162	0.11694
134	163	0.1203
138	105	0.14519
138	108	0.13946
138	109	0.1363
138	111	0.13195
138	112	0.12207
138	114	0.11398
138	115	0.10726
138	117	0.09916
138	118	0.095802
138	126	0.062222
138	127	0.054716
138	129	0.046321
138	130	0.038716
138	132	0.030815
138	133	0.023309
138	135	0.016395
138	136	0.0086067
138	139	0.0037531
138	140	0.015407
138	143	0.020938
138	144	0.025481
138	147	0.02963
138	148	0.037926
138	150	0.043654
138	151	0.048395
138	153	0.052543
138	154	0.058074
138	156	0.057481
138	162	0.086519
141	108	0.1517
141	111	0.14005
141	112	0.13465
141	114	0.12444
141	115	0.1197
141	117	0.11575
141	118	0.10746
141	126	0.080593
141	127	0.065501
141	129	0.055901
141	130	0.050568
141	132	0.042667
141	133	0.035951
141	135	0.030617
141	136	0.023111
141	139	0.015254
141	140	0.0069795
141	143	0.0031605
141	144	0.011687
141	147	0.016395
141	148	0.024296
141	150	0.030222
141	151	0.036543
141	153	0.04237
141	154	0.046815
141	156	0.048
141	157	0.054716
141	159	0.06084
141	160	0.068938
141	162	0.072033
141	163	0.077037
145	126	0.074272
145	127	0.071901
145	129	0.067753
145	130	0.06163
145	132	0.050173
145	135	0.041481
145	136	0.034963
145	139	0.027852
145	140	0.021531
145	143	0.015802
145	144	0.0055309
145	147	0.0065185
145	148	0.014815
145	150	0.021531
145	151	0.027062
145	153	0.03279
145	154	0.039111
145	156	0.042733
145	157	0.048
145	159	0.058074
145	160	0.073679
145	162	0.085531
145	163	0.093432
149	105	0.14677
149	108	0.14617
149	109	0.14578
149	111	0.14229
149	112	0.14337
149	114	0.14143
149	115	0.13768
149	117	0.13314
149	118	0.12622
149	126	0.094617
149	127	0.086123
149	129	0.077432
149	130	0.070123
149	132	0.064395
149	133	0.058074
149	135	0.052346
149	136	0.042272
149	139	0.035951
149	140	0.030222
149	143	0.025679
149	144	0.01916
149	147	0.012247
149	148	0.0043457
149	150	0.006716
149	151	0.013432
149	153	0.019753
149	154	0.022716
149	156	0.027654
149	157	0.035358
149	159	0.041328
149	160	0.049975
149	162	0.054123
149	163	0.06084
152	126	0.10963
152	127	0.10489
152	129	0.092971
152	132	0.079407
152	133	0.070716
152	136	0.058272
152	139	0.050173
152	140	0.044247
152	143	0.039901
152	144	0.033975
152	147	0.027852
152	148	0.020346
152	150	0.016395
152	151	0.0077037
152	153	0.0055309
152	154	0.0090864
152	156	0.015802
152	157	0.022123
152	159	0.02884
152	160	0.037213
152	162	0.043852
152	163	0.04879
155	127	0.10173
155	129	0.094222
155	130	0.083951
155	136	0.062617
155	139	0.057086
155	140	0.050765
155	143	0.04563
155	144	0.040494
155	147	0.036346
155	148	0.028444
155	150	0.023704
155	151	0.016395
155	154	0.003358
155	156	0.0027654
155	157	0.01284
155	159	0.018765
155	160	0.026074
155	162	0.033383
155	163	0.043654
158	126	0.10568
158	127	0.1037
158	129	0.10153
158	130	0.09758
158	132	0.09363
158	133	0.087069
158	135	0.086123
158	136	0.078617
158	139	0.070716
158	140	0.063671
158	143	0.058272
158	144	0.053663
158	147	0.048988
158	148	0.040296
158	150	0.037083
158	151	0.029432
158	153	0.02242
158	154	0.017383
158	156	0.014815
158	157	0.0061235
158	159	0.0065185
158	160	0.015802
158	162	0.022519
158	163	0.024231
161	127	0.12998
161	129	0.12543
161	130	0.12405
161	132	0.11931
161	133	0.11141
161	135	0.10186
161	136	0.091062
161	143	0.074667
161	144	0.066173
161	147	0.06321
161	148	0.054025
161	150	0.04958
161	151	0.042338
161	154	0.031802
161	157	0.020543
161	159	0.019128
161	160	0.0078574
161	162	0.010074
161	163	0.014815
164	126	0.13346
164	127	0.13266
164	129	0.13
164	130	0.12148
164	132	0.11872
164	133	0.11753
164	135	0.11588
164	136	0.11326
164	139	0.10943
164	140	0.089021
164	143	0.081383
164	144	0.077432
164	147	0.071023
164	148	0.063407
164	150	0.06163
164	151	0.054058
164	153	0.044247
164	154	0.039111
164	156	0.037366
164	157	0.027516
164	159	0.026667
164	160	0.021531
164	162	0.013432
164	163	0.0055309
125	126	0.0065185
125	127	0.017975
125	129	0.028444
125	130	0.036543
125	132	0.040494
125	133	0.048988
125	135	0.059259
125	136	0.065104
125	139	0.069518
125	140	0.077037
125	143	0.082173
125	144	0.087111
125	147	0.092444
125	148	0.099753
125	150	0.1043
125	151	0.11652
125	154	0.12563
125	156	0.1284
125	157	0.13254
125	159	0.13689
125	160	0.13827
125	162	0.14044
125	163	0.14262
125	165	0.14519
125	169	0.14914
125	170	0.15012
125	173	0.15091
125	174	0.15131
125	176	0.1523
125	177	0.15309
125	180	0.15427
125	184	0.15526
125	185	0.15743
125	189	0.16
125	192	0.16011
125	195	0.16257
128	126	0.01916
128	127	0.0090864
128	129	0.0082963
128	130	0.01521
128	132	0.022387
128	133	0.029432
128	135	0.038716
128	136	0.04563
128	139	0.04958
128	140	0.055901
128	143	0.061037
128	144	0.068938
128	147	0.074272
128	148	0.07763
128	150	0.085136
128	151	0.097383
128	153	0.10746
128	154	0.112
128	156	0.11477
128	157	0.12049
128	159	0.12444
128	160	0.12899
131	127	0.0084938
131	129	0.0049383
131	130	0.0019753
131	132	0.0013827
131	133	0.0021728
131	135	0.010667
131	136	0.011259
131	139	0.01916
131	140	0.02298
131	143	0.031802
131	144	0.038716
131	147	0.043654
131	148	0.04958
131	150	0.054519
131	151	0.06321
131	153	0.074667
131	156	0.084507
131	157	0.088494
131	159	0.098109
131	169	0.14499
131	170	0.14775
131	173	0.14854
131	174	0.15704
131	176	0.15941
131	177	0.16
131	180	0.16257
131	181	0.16494
131	184	0.16632
131	185	0.1679
131	188	0.16833
131	189	0.1681
131	192	0.17126
131	193	0.17304
131	195	0.17363
131	198	0.1764
131	199	0.17995
131	202	0.18153
131	203	0.18331
131	205	0.18291
131	206	0.18548
134	126	0.04958
134	127	0.039309
134	129	0.029937
134	130	0.023704
134	132	0.014617
134	133	0.0043457
134	135	0.0073086
134	136	0.01521
134	139	0.021926
134	140	0.030025
134	143	0.036411
134	144	0.041086
134	147	0.046025
134	148	0.051753
134	150	0.058864
134	151	0.06321
134	153	0.072889
134	156	0.084543
134	157	0.096395
134	159	0.10861
134	160	0.11357
134	162	0.11654
134	163	0.1199
134	165	0.1203
134	166	0.12207
134	169	0.12444
134	170	0.12504
134	173	0.12681
134	174	0.12757
134	176	0.12899
134	177	0.13116
134	180	0.13353
134	181	0.13491
134	184	0.13722
134	185	0.13689
134	188	0.13975
134	189	0.13985
134	192	0.14143
134	193	0.14143
134	195	0.14084
134	198	0.14321
134	199	0.14625
134	203	0.14854
134	205	0.14973
137	126	0.061037
137	127	0.053136
137	129	0.045432
137	130	0.039309
137	132	0.030617
137	133	0.025086
137	135	0.01679
137	136	0.0082963
137	139	0.0045432
137	140	0.013564
137	143	0.020938
137	144	0.027259
137	147	0.03121
137	148	0.036346
137	150	0.043676
137	151	0.047868
137	153	0.056296
137	154	0.058074
137	156	0.061959
137	160	0.081975
137	165	0.11457
137	166	0.11753
137	169	0.12089
137	170	0.12405
137	173	0.12504
137	174	0.12622
137	176	0.12736
137	177	0.12741
137	180	0.12971
137	181	0.13327
137	184	0.13412
137	185	0.13649
137	188	0.13807
137	189	0.13926
137	192	0.13985
142	126	0.080944
142	127	0.064988
142	129	0.057086
142	130	0.048066
142	132	0.043062
142	133	0.036829
142	135	0.030508
142	136	0.021531
142	139	0.016395
142	140	0.0082963
142	143	0.0045432
142	144	0.012247
142	147	0.016988
142	148	0.024889
142	150	0.030617
142	151	0.038519
142	153	0.044247
142	154	0.048988
142	156	0.049975
142	157	0.062222
142	159	0.068543
142	160	0.070716
142	162	0.07921
142	163	0.087309
142	165	0.09758
142	166	0.10331
142	169	0.11042
142	170	0.11457
142	173	0.11714
142	174	0.12011
142	176	0.12148
142	177	0.12326
142	180	0.12622
142	181	0.12681
142	185	0.12958
142	188	0.13195
146	126	0.086519
146	127	0.074915
146	129	0.06716
146	130	0.058272
146	132	0.052938
146	133	0.04721
146	135	0.040537
146	136	0.03279
146	139	0.025481
146	140	0.019358
146	143	0.014025
146	144	0.0015802
146	147	0.0088889
146	148	0.017383
146	150	0.023901
146	151	0.027654
146	153	0.036346
146	154	0.038716
146	156	0.041679
146	157	0.049865
146	159	0.053926
146	160	0.06321
146	162	0.071418
146	165	0.084543
146	180	0.14341
146	181	0.14519
146	184	0.14789
146	185	0.14986
146	188	0.15467
146	189	0.15644
146	192	0.15921
146	193	0.15941
146	195	0.16119
146	198	0.16277
146	199	0.16691
146	202	0.16909
146	203	0.17222
146	205	0.17402
146	206	0.17462
149	127	0.080373
149	129	0.071901
149	130	0.066173
149	132	0.058864
149	133	0.052543
149	135	0.046222
149	136	0.037926
149	139	0.030617
149	140	0.025086
149	143	0.019621
149	144	0.014025
149	147	0.0061235
149	148	0.0088889
149	150	0.014815
149	151	0.019951
149	153	0.02963
149	154	0.031407
149	156	0.034297
149	157	0.040494
149	159	0.045432
149	160	0.05465
149	162	0.06084
149	165	0.071309
149	166	0.075259
149	169	0.078025
149	170	0.082173
149	184	0.11812
149	185	0.12286
149	188	0.12346
149	192	0.12919
149	193	0.13136
149	195	0.13164
149	198	0.13649
149	199	0.13827
149	203	0.14246
149	205	0.14321
152	126	0.095649
152	127	0.092247
152	129	0.08507
152	132	0.072889
152	133	0.066765
152	136	0.050765
152	139	0.044247
152	140	0.037948
152	143	0.034173
152	144	0.026667
152	147	0.020719
152	148	0.01363
152	150	0.0079012
152	151	0.0037531
152	153	0.014222
152	156	0.021333
152	157	0.027852
152	159	0.034568
152	160	0.043062
152	162	0.050173
152	163	0.054377
152	165	0.060523
152	166	0.065975
152	169	0.071309
152	174	0.095407
152	176	0.10487
152	180	0.11694
152	181	0.11911
152	184	0.12165
152	185	0.12387
152	188	0.12557
152	189	0.12521
152	193	0.12919
152	195	0.13116
152	198	0.13585
152	199	0.13646
152	202	0.13709
152	203	0.13867
152	205	0.13886
152	206	0.14005
155	126	0.10232
155	127	0.097383
155	129	0.092444
155	130	0.087901
155	132	0.08
155	133	0.074667
155	135	0.06479
155	136	0.059259
155	139	0.056033
155	140	0.048
155	143	0.043654
155	144	0.03572
155	147	0.030025
155	148	0.024296
155	150	0.019951
155	151	0.010667
155	153	0.0055309
155	154	0.0043457
155	156	0.011259
155	157	0.017822
155	159	0.023901
155	160	0.030815
155	162	0.039704
155	165	0.048395
155	166	0.052221
155	169	0.059984
155	174	0.084523
155	176	0.09268
155	181	0.10657
155	184	0.10967
155	185	0.11332
155	188	0.11513
155	189	0.11948
155	193	0.1221
155	195	0.12444
155	198	0.12681
155	199	0.12772
155	202	0.12928
155	203	0.13212
155	205	0.13432
155	206	0.13412
158	126	0.12109
158	127	0.1118
158	129	0.1039
158	130	0.096
158	132	0.090272
158	133	0.081383
158	135	0.077432
158	136	0.068543
158	139	0.063737
158	140	0.059347
158	143	0.051951
158	144	0.043654
158	147	0.039704
158	148	0.03279
158	150	0.02884
158	151	0.021333
158	153	0.016198
158	154	0.0096133
158	156	0.0065185
158	157	0.0049383
158	159	0.011602
158	160	0.018765
158	162	0.026272
158	163	0.030222
158	165	0.036543
158	166	0.042667
158	169	0.04958
158	174	0.070453
158	176	0.078617
158	177	0.087616
158	180	0.096988
158	181	0.10207
158	184	0.10489
158	185	0.11477
158	188	0.11714
158	189	0.11695
158	192	0.1199
158	193	0.12385
158	195	0.12504
158	199	0.12919
158	202	0.13254
158	203	0.13314
158	205	0.13476
158	206	0.1363
161	126	0.1363
161	127	0.13077
161	129	0.12349
161	130	0.11931
161	132	0.11319
161	133	0.10742
161	136	0.092247
161	139	0.084938
161	140	0.078617
161	143	0.066568
161	144	0.057086
161	148	0.048395
161	150	0.043062
161	151	0.034765
161	153	0.031034
161	154	0.019885
161	156	0.018568
161	157	0.010667
161	159	0.0043457
161	160	0.0031605
161	162	0.014815
161	163	0.019358
161	165	0.026074
161	166	0.031407
161	169	0.037136
161	170	0.043654
161	174	0.060093
161	176	0.069136
161	180	0.078815
161	181	0.087111
161	184	0.090864
161	185	0.09916
161	188	0.1073
161	189	0.11595
161	192	0.1199
161	193	0.12346
161	195	0.12681
161	198	0.13057
161	199	0.13115
161	202	0.13281
161	203	0.13432
161	205	0.13428
161	206	0.1352
164	140	0.088735
164	143	0.086354
164	144	0.08
164	147	0.077842
164	148	0.069728
164	150	0.063473
164	151	0.055111
164	153	0.048988
164	154	0.040889
164	157	0.030025
164	159	0.027654
164	160	0.022716
164	162	0.014617
164	163	0.0053333
164	165	0.0059259
164	166	0.01363
164	169	0.019951
164	170	0.026667
164	173	0.033975
164	174	0.043654
164	176	0.050787
164	177	0.054277
164	180	0.06163
164	181	0.067358
164	184	0.07449
164	185	0.083183
164	188	0.087309
164	189	0.096593
164	195	0.11121
164	198	0.12444
164	199	0.12897
164	202	0.13103
164	203	0.13734
164	205	0.13768
164	206	0.13985
168	126	0.14657
168	127	0.14044
168	129	0.13709
168	130	0.13568
168	132	0.12998
168	133	0.12543
168	135	0.12444
168	136	0.11635
168	139	0.11542
168	140	0.112
168	143	0.10489
168	144	0.09916
168	147	0.09284
168	148	0.086716
168	150	0.080593
168	151	0.070123
168	153	0.062025
168	154	0.052543
168	156	0.04879
168	157	0.045783
168	159	0.040494
168	160	0.03516
168	162	0.030025
168	163	0.022716
168	165	0.015407
168	166	0.0084938
168	169	0.0055309
168	170	0.011259
168	173	0.023309
168	174	0.02963
168	176	0.037926
168	177	0.039704
168	180	0.047407
168	181	0.052938
168	184	0.060444
168	185	0.066568
168	188	0.072494
168	189	0.08158
168	193	0.088889
168	195	0.096988
168	198	0.1118
168	199	0.11393
168	202	0.12428
168	203	0.1316
168	205	0.1363
168	206	0.14854
172	147	0.10212
172	148	0.095802
172	150	0.089481
172	151	0.079495
172	153	0.075654
172	154	0.066568
172	157	0.056494
172	159	0.051951
172	160	0.048
172	162	0.041679
172	163	0.034173
172	165	0.02689
172	166	0.021531
172	169	0.01521
172	170	0.0084279
172	173	0.0077037
172	174	0.015781
172	176	0.025306
172	177	0.029432
172	180	0.036128
172	181	0.041679
172	184	0.046815
172	185	0.055374
172	188	0.060466
172	189	0.071901
172	192	0.077037
172	193	0.08158
172	195	0.085531
172	199	0.10311
172	202	0.1117
172	203	0.12265
172	205	0.1278
172	206	0.13373
175	126	0.14306
175	127	0.13946
175	129	0.13709
175	130	0.13432
175	132	0.13175
175	133	0.12919
175	135	0.12899
175	136	0.12622
175	139	0.12543
175	140	0.12326
175	143	0.12049
175	144	0.11911
175	147	0.11654
175	150	0.1037
175	151	0.094815
175	153	0.092545
175	154	0.084477
175	156	0.081383
175	157	0.073481
175	159	0.064988
175	160	0.06163
175	162	0.056187
175	163	0.048593
175	165	0.040889
175	166	0.034919
175	169	0.030025
175	170	0.022519
175	173	0.01375
175	174	0.0071111
175	176	0.0079012
175	177	0.015802
175	180	0.022123
175	181	0.028335
175	184	0.033975
175	185	0.042206
175	188	0.046617
175	189	0.055704
175	193	0.06479
175	195	0.074007
175	196	0.079012
175	198	0.085728
175	199	0.088498
175	202	0.093432
175	203	0.10449
175	205	0.11155
175	206	0.11812
179	126	0.14657
179	127	0.14459
179	129	0.14163
179	130	0.1357
179	132	0.13491
179	133	0.13195
179	135	0.12899
179	136	0.12899
179	139	0.1284
179	140	0.12741
179	143	0.12504
179	144	0.12319
179	147	0.12207
179	148	0.11804
179	150	0.11714
179	151	0.11536
179	153	0.11022
179	154	0.1037
179	156	0.098173
179	157	0.089481
179	159	0.079802
179	160	0.073231
179	162	0.067731
179	163	0.062815
179	165	0.055704
179	166	0.044247
179	169	0.040494
179	170	0.03358
179	173	0.025086
179	174	0.021531
179	176	0.01363
179	180	0.0039506
179	181	0.012799
179	184	0.019753
179	185	0.027259
179	188	0.030712
179	193	0.04879
179	195	0.055309
179	198	0.066985
179	199	0.073679
179	202	0.085728
179	203	0.087901
179	205	0.097975
183	135	0.13432
183	136	0.13115
183	139	0.13077
183	140	0.12721
183	143	0.12602
183	144	0.12286
183	147	0.12168
183	148	0.1203
183	150	0.11911
183	151	0.11992
183	153	0.11417
183	154	0.11081
183	157	0.10429
183	159	0.095868
183	160	0.087111
183	162	0.080593
183	163	0.071783
183	165	0.066568
183	166	0.059852
183	169	0.053926
183	170	0.052631
183	173	0.041086
183	174	0.038123
183	176	0.030222
183	177	0.020938
183	180	0.01521
183	181	0.0055309
183	184	0.0071111
183	185	0.014617
183	188	0.019753
183	189	0.027062
183	192	0.03279
183	193	0.036543
183	195	0.045037
183	198	0.055901
183	199	0.06028
183	202	0.072494
183	203	0.07684
183	205	0.082173
183	206	0.093037
187	140	0.12756
187	143	0.12756
187	144	0.12741
187	147	0.12622
187	148	0.12444
187	150	0.12444
187	151	0.12317
187	153	0.1199
187	154	0.11477
187	159	0.10548
187	160	0.10111
187	162	0.094058
187	163	0.086123
187	166	0.071309
187	169	0.067358
187	170	0.058667
187	173	0.05228
187	174	0.049975
187	176	0.040889
187	177	0.034173
187	180	0.030025
187	181	0.022519
187	184	0.014815
187	185	0.0059259
187	188	0.0088962
187	189	0.014815
187	193	0.025679
187	195	0.033975
187	198	0.045432
187	199	0.050853
187	203	0.065262
187	205	0.072296
191	140	0.13294
191	143	0.13294
191	144	0.13175
191	147	0.12958
191	148	0.12859
191	150	0.12662
191	151	0.12563
191	153	0.12504
191	154	0.1224
191	156	0.12049
191	159	0.11891
191	160	0.10904
191	163	0.094025
191	165	0.087901
191	166	0.079199
191	170	0.070716
191	173	0.060565
191	174	0.055901
191	176	0.049984
191	177	0.042074
191	180	0.038519
191	181	0.03121
191	184	0.02614
191	185	0.019753
191	188	0.011852
191	189	0.0065185
191	193	0.011654
191	195	0.017975
191	196	0.026667
191	198	0.035358
191	199	0.040362
191	203	0.054523
191	205	0.063407
191	206	0.069136
194	153	0.12326
194	154	0.12326
194	156	0.12267
194	157	0.12227
194	159	0.12089
194	160	0.1197
194	162	0.1118
194	165	0.099497
194	166	0.094025
194	169	0.090667
194	170	0.080988
194	173	0.077345
194	176	0.062595
194	177	0.055594
194	180	0.048119
194	181	0.043259
194	184	0.035951
194	185	0.030815
194	188	0.02434
194	189	0.020302
194	192	0.012247
194	193	0.0065591
194	195	0.0048506
194	198	0.021926
194	199	0.027369
194	202	0.036214
194	203	0.044247
194	205	0.051753
194	206	0.059259
197	132	0.17498
197	133	0.17462
197	135	0.17343
197	136	0.17326
197	139	0.16909
197	140	0.16553
197	143	0.16217
197	144	0.16134
197	147	0.15763
197	148	0.15664
197	150	0.15486
197	151	0.15249
197	153	0.1503
197	154	0.14943
197	156	0.14736
197	157	0.14578
197	159	0.14281
197	160	0.13946
197	163	0.11931
197	169	0.10258
197	170	0.091852
197	173	0.083358
197	174	0.08
197	176	0.076115
197	177	0.06716
197	180	0.062815
197	181	0.055331
197	184	0.04879
197	185	0.042667
197	188	0.039002
197	189	0.03358
197	192	0.024889
197	193	0.018568
197	195	0.01363
197	196	0.0029628
197	198	0.006255
197	199	0.01431
197	202	0.025086
197	203	0.030815
197	205	0.039704
197	206	0.049975
201	165	0.1197
201	166	0.1171
201	169	0.11477
201	170	0.10904
201	173	0.10035
201	176	0.090833
201	177	0.082568
201	181	0.068419
201	184	0.063386
201	185	0.057218
201	188	0.050765
201	189	0.04721
201	192	0.042667
201	193	0.035362
201	195	0.031474
201	198	0.014025
201	199	0.0054723
201	202	0.0036213
201	203	0.012405
201	205	0.017668
201	206	0.027062
204	150	0.1444
204	151	0.1444
204	153	0.14459
204	154	0.144
204	156	0.14341
204	157	0.14222
204	165	0.1357
204	166	0.13412
204	169	0.13089
204	170	0.12622
204	173	0.12109
204	176	0.10607
204	177	0.098568
204	181	0.087066
204	184	0.078617
204	185	0.0747
204	188	0.067841
204	189	0.066173
204	192	0.058667
204	193	0.053736
204	195	0.046222
204	198	0.033295
204	199	0.024296
204	202	0.015407
204	203	0.0079012
204	205	0.0088889
204	206	0.018765
207	173	0.12286
207	174	0.11836
207	176	0.11417
207	177	0.1043
207	180	0.098568
207	184	0.087111
207	185	0.083358
207	188	0.08011
207	189	0.072889
207	192	0.064
207	193	0.062025
207	195	0.059852
207	196	0.051753
207	198	0.048395
207	199	0.044444
207	202	0.036214
207	203	0.030025
207	205	0.01758
207	206	0.0065185
164	165	0.0053333
164	166	0.013037
164	169	0.020346
164	170	0.028444
164	173	0.034173
164	174	0.039901
164	176	0.048362
164	177	0.053531
164	180	0.059654
164	184	0.066173
164	185	0.071704
164	198	0.11511
164	199	0.11956
164	202	0.12578
164	203	0.132
164	205	0.14133
164	206	0.15244
164	208	0.15244
164	209	0.15422
164	211	0.16133
164	212	0.15867
164	214	0.168
164	215	0.16933
164	217	0.168
164	218	0.16933
164	220	0.17422
164	221	0.17867
164	223	0.17867
164	224	0.17867
164	226	0.18
164	227	0.18146
164	229	0.17689
164	230	0.17822
164	232	0.18
164	233	0.176
164	235	0.176
164	236	0.176
164	238	0.17867
164	239	0.17956
164	241	0.17733
164	242	0.17867
168	165	0.0097778
168	166	0.0035556
168	169	0.0048889
168	170	0.01363
168	173	0.019111
168	174	0.028
168	176	0.036444
168	177	0.038222
168	180	0.043111
168	181	0.051111
168	184	0.058667
168	185	0.066222
168	188	0.070222
168	189	0.078222
168	195	0.096889
168	196	0.099556
168	198	0.10533
168	199	0.108
168	202	0.11022
168	203	0.11704
168	205	0.124
168	206	0.12711
168	211	0.14756
168	214	0.15022
168	215	0.14844
168	217	0.15437
168	218	0.15244
168	220	0.15378
168	221	0.16133
168	223	0.15689
168	224	0.16444
168	226	0.16444
168	227	0.16533
168	229	0.16667
168	230	0.16711
168	232	0.16311
171	165	0.027062
171	166	0.017778
171	169	0.013333
171	170	0.0044444
171	173	0.0062222
171	174	0.011111
171	176	0.020444
171	177	0.026667
171	180	0.032
171	181	0.037564
171	184	0.044741
171	185	0.054667
171	188	0.057333
171	189	0.065333
171	192	0.072444
171	193	0.076444
171	195	0.083111
171	198	0.093778
171	199	0.099555
171	202	0.11467
171	203	0.11911
171	205	0.12074
171	206	0.13067
171	208	0.13556
171	209	0.14097
171	211	0.14133
171	212	0.14025
171	214	0.14489
171	215	0.14533
171	217	0.14563
171	218	0.14489
171	220	0.14844
171	221	0.1498
171	223	0.14889
171	224	0.15467
171	226	0.15689
171	227	0.15531
171	229	0.15719
171	230	0.15778
171	232	0.15659
175	165	0.036444
175	166	0.036444
175	169	0.028889
175	170	0.024
175	173	0.014667
175	174	0.0071111
175	176	0.0076296
175	177	0.013333
175	180	0.022667
175	181	0.028
175	184	0.034222
175	185	0.040444
175	188	0.047111
175	189	0.054667
175	192	0.057333
175	193	0.062222
175	195	0.072444
175	196	0.078222
175	198	0.083111
175	202	0.099555
175	205	0.10978
175	206	0.11822
175	211	0.13289
175	212	0.13556
175	214	0.13867
175	215	0.13822
175	217	0.13956
175	218	0.14133
175	220	0.14222
175	221	0.14133
175	227	0.14489
175	229	0.14356
175	230	0.14578
178	165	0.044889
178	166	0.041778
178	169	0.035556
178	170	0.029333
178	173	0.021778
178	174	0.017333
178	176	0.0048889
178	177	0.0031111
178	180	0.0075555
178	181	0.014667
178	184	0.02
178	185	0.030667
178	188	0.034222
178	189	0.041778
178	192	0.045778
178	193	0.050667
178	195	0.057333
178	198	0.069333
178	199	0.076889
178	203	0.093333
178	205	0.1
178	209	0.11378
178	211	0.11778
178	212	0.124
178	214	0.12933
178	215	0.128
178	217	0.12933
178	218	0.13067
178	220	0.13111
178	221	0.13111
178	223	0.13111
178	224	0.13333
178	227	0.132
182	165	0.078222
182	166	0.057778
182	169	0.053333
182	170	0.045778
182	173	0.036444
182	174	0.032889
182	177	0.018667
182	180	0.012444
182	181	0.0048889
182	184	0.0031111
182	185	0.012444
182	188	0.017926
182	189	0.026222
182	192	0.030667
182	193	0.033704
182	195	0.042222
182	196	0.049333
182	198	0.054667
182	199	0.059111
182	202	0.070222
182	203	0.077185
182	205	0.083555
182	206	0.092444
182	208	0.098222
182	209	0.1
182	211	0.10578
182	212	0.11111
182	214	0.11378
182	215	0.11683
182	217	0.1197
182	218	0.124
182	220	0.12267
182	221	0.128
182	223	0.1237
182	224	0.12711
182	226	0.12711
182	227	0.12904
182	229	0.132
182	230	0.13733
186	165	0.082222
186	166	0.066667
186	169	0.064889
186	170	0.057333
186	173	0.049778
186	174	0.044444
186	176	0.037778
186	177	0.032
186	180	0.026667
186	181	0.020444
186	184	0.011111
186	185	0.0017778
186	188	0.011111
186	189	0.016444
186	192	0.020444
186	193	0.024
186	195	0.030667
186	196	0.039556
186	198	0.044444
186	199	0.051111
186	202	0.060889
186	203	0.066222
186	205	0.071555
186	206	0.085778
186	208	0.090667
186	209	0.091111
186	211	0.099555
186	212	0.10489
186	214	0.11244
186	215	0.11156
186	217	0.11156
186	218	0.11689
186	220	0.116
186	221	0.12212
186	223	0.12133
186	224	0.12133
186	226	0.12375
186	227	0.124
186	229	0.128
186	230	0.132
190	165	0.10274
190	166	0.080889
190	169	0.076444
190	170	0.069333
190	173	0.059111
190	174	0.057778
190	177	0.040889
190	180	0.034667
190	181	0.029333
190	184	0.020444
190	185	0.016
190	188	0.0071111
190	189	0.0044444
190	192	0.0057778
190	193	0.012
190	195	0.018518
190	196	0.025333
190	198	0.032
190	199	0.039111
190	202	0.045778
190	203	0.051111
190	205	0.059111
190	206	0.062222
190	208	0.066667
190	209	0.074222
190	211	0.079111
190	212	0.085333
190	214	0.091111
190	215	0.10178
190	217	0.11556
190	218	0.11911
190	220	0.12489
190	221	0.12711
190	223	0.12978
190	224	0.12978
190	226	0.13109
190	227	0.13067
190	229	0.12889
190	230	0.13114
190	232	0.12906
190	233	0.12809
190	235	0.12933
190	236	0.13111
190	238	0.12978
190	239	0.1283
190	241	0.13067
190	242	0.13244
194	165	0.10978
194	166	0.092
194	169	0.087111
194	170	0.080444
194	173	0.070222
194	174	0.066667
194	177	0.053333
194	180	0.048444
194	181	0.041531
194	184	0.031556
194	185	0.027556
194	188	0.020444
194	189	0.017925
194	192	0.0088889
194	193	0.0057778
194	195	0.0075555
194	196	0.013333
194	198	0.021333
194	199	0.029333
194	202	0.036889
194	203	0.044444
194	205	0.050741
194	206	0.058667
194	208	0.063555
194	209	0.066815
194	211	0.074666
194	212	0.081778
194	214	0.086123
194	215	0.098222
194	217	0.10889
194	218	0.10978
194	220	0.11644
194	221	0.12667
194	223	0.12827
194	224	0.12978
194	226	0.13067
194	227	0.13111
194	229	0.13156
194	230	0.13333
194	232	0.13822
197	165	0.12178
197	166	0.10756
197	169	0.099555
197	170	0.093333
197	173	0.088667
197	174	0.079555
197	177	0.064889
197	180	0.06
197	181	0.054667
197	184	0.048
197	185	0.043111
197	188	0.037778
197	189	0.030222
197	192	0.026222
197	193	0.018667
197	195	0.011111
197	196	0.0048889
197	198	0.0022222
197	199	0.012444
197	202	0.022667
197	203	0.02723
197	205	0.036444
197	206	0.049333
197	208	0.052444
197	209	0.056444
197	211	0.062667
197	212	0.067555
197	214	0.076889
197	215	0.085333
197	217	0.092
197	218	0.093333
197	220	0.10044
197	223	0.11822
197	224	0.12267
197	226	0.12178
197	227	0.12267
197	229	0.12044
197	230	0.12311
197	232	0.124
200	165	0.13068
200	166	0.12303
200	169	0.11608
200	170	0.10795
200	173	0.096936
200	174	0.093346
200	177	0.078506
200	180	0.075778
200	181	0.067496
200	184	0.060555
200	185	0.056008
200	188	0.050263
200	189	0.044998
200	192	0.039253
200	193	0.034466
200	195	0.028961
200	196	0.020345
200	198	0.012207
200	199	0.0023935
200	202	0.0081379
200	203	0.016994
200	205	0.021302
200	206	0.031637
200	208	0.04045
200	209	0.045955
200	211	0.05505
200	212	0.061273
200	214	0.06606
200	215	0.074438
200	217	0.081379
200	218	0.087841
200	220	0.096936
200	221	0.10292
200	223	0.11752
200	224	0.11944
200	227	0.12997
200	229	0.13284
200	230	0.13475
200	232	0.13882
200	233	0.14098
200	235	0.15127
200	236	0.15223
200	238	0.15047
200	239	0.15079
200	241	0.15629
200	242	0.15893
204	165	0.13475
204	166	0.13116
204	169	0.12877
204	170	0.12159
204	173	0.11448
204	174	0.11249
204	177	0.093825
204	180	0.093107
204	181	0.08449
204	184	0.078506
204	185	0.071326
204	188	0.067018
204	189	0.061273
204	192	0.05529
204	193	0.049785
204	195	0.047391
204	196	0.037338
204	198	0.029679
204	199	0.016994
204	202	0.011489
204	203	0.0067018
204	205	0.0067018
204	206	0.013643
204	208	0.019627
204	209	0.026807
204	211	0.036381
204	212	0.044758
204	214	0.053614
204	215	0.063427
204	217	0.06989
204	218	0.075874
204	220	0.084251
204	221	0.092628
204	223	0.10148
204	224	0.10699
204	226	0.11872
204	227	0.12231
204	229	0.12446
204	230	0.12566
204	232	0.12781
204	233	0.12733
204	235	0.12949
204	236	0.13212
204	238	0.13499
204	239	0.13582
204	241	0.13691
204	242	0.14026
207	169	0.1277
207	170	0.12741
207	173	0.12237
207	174	0.12059
207	177	0.10281
207	180	0.10163
207	181	0.095111
207	184	0.088889
207	185	0.084741
207	188	0.07763
207	189	0.072
207	192	0.06163
207	193	0.058963
207	195	0.057185
207	196	0.048296
207	198	0.045037
207	199	0.04
207	202	0.032296
207	203	0.027852
207	205	0.014519
207	206	0.0047407
207	208	0.005037
207	209	0.01363
207	211	0.020444
207	212	0.026963
207	214	0.035556
207	215	0.044198
207	217	0.052741
207	218	0.060741
207	220	0.06637
207	221	0.075852
207	223	0.079704
207	224	0.089481
207	226	0.09837
207	227	0.10637
207	229	0.10785
207	230	0.112
207	232	0.112
207	233	0.11289
207	235	0.11644
207	236	0.12059
207	238	0.12089
207	239	0.12326
207	241	0.12652
207	242	0.12856
210	165	0.13333
210	166	0.13067
210	170	0.12474
210	173	0.12385
210	174	0.12059
210	177	0.11052
210	180	0.11022
210	181	0.098963
210	184	0.089778
210	185	0.087407
210	188	0.084642
210	189	0.081185
210	192	0.071753
210	193	0.068444
210	195	0.06637
210	196	0.056296
210	198	0.052741
210	199	0.045926
210	202	0.040889
210	203	0.035556
210	205	0.025185
210	206	0.014222
210	208	0.0097778
210	209	0.002963
210	211	0.0047407
210	212	0.014519
210	214	0.025185
210	215	0.034667
210	217	0.043556
210	218	0.051259
210	220	0.060444
210	221	0.068148
210	223	0.075555
210	224	0.082765
210	226	0.093333
210	227	0.10104
210	229	0.1037
210	230	0.10607
210	232	0.10785
210	233	0.10844
210	235	0.11141
210	236	0.11467
210	238	0.11467
210	239	0.117
210	241	0.12
210	242	0.12326
213	165	0.13926
213	166	0.13867
213	169	0.13689
213	170	0.13541
213	173	0.13333
213	174	0.13244
213	177	0.12681
213	180	0.1283
213	181	0.12089
213	184	0.11141
213	185	0.10607
213	188	0.097185
213	189	0.095111
213	192	0.089778
213	193	0.084444
213	195	0.081086
213	196	0.074074
213	198	0.069926
213	199	0.065778
213	202	0.058074
213	203	0.051852
213	205	0.043556
213	206	0.034074
213	208	0.028148
213	209	0.022815
213	211	0.015704
213	212	0.0059259
213	214	0.0038519
213	215	0.016
213	217	0.023704
213	218	0.034667
213	220	0.046222
213	221	0.058074
213	223	0.063111
213	224	0.072395
213	226	0.082963
213	227	0.094815
213	229	0.096247
213	230	0.10074
213	232	0.10341
213	233	0.10281
213	235	0.1037
213	236	0.10815
213	238	0.11052
213	239	0.11467
213	241	0.11911
213	242	0.12385
216	165	0.1437
216	166	0.14133
216	169	0.14193
216	170	0.13689
216	173	0.13452
216	174	0.13689
216	177	0.13333
216	180	0.13156
216	184	0.13007
216	185	0.12385
216	188	0.11556
216	189	0.10933
216	193	0.10252
216	195	0.099852
216	196	0.090667
216	198	0.087111
216	199	0.082963
216	202	0.074074
216	203	0.069926
216	205	0.062519
216	206	0.052741
216	208	0.046815
216	209	0.041778
216	211	0.035556
216	212	0.026963
216	214	0.015704
216	215	0.0068148
216	217	0.008
216	218	0.015704
216	220	0.024296
216	221	0.035556
216	223	0.044444
216	224	0.053926
216	226	0.063506
216	227	0.073481
216	229	0.081185
216	230	0.091259
216	232	0.093926
216	233	0.095704
216	235	0.097185
216	236	0.099852
216	238	0.10785
216	239	0.10844
216	241	0.11378
216	242	0.11733
219	185	0.13719
219	188	0.13294
219	189	0.12593
219	198	0.10281
219	199	0.098963
219	202	0.090667
219	203	0.087407
219	205	0.078519
219	206	0.068444
219	208	0.061333
219	209	0.059852
219	211	0.058667
219	212	0.047111
219	214	0.034963
219	215	0.023111
219	217	0.015704
219	218	0.0065185
219	220	0.0056296
219	221	0.016593
219	223	0.025327
219	224	0.033185
219	226	0.039868
219	227	0.046815
219	229	0.057778
219	230	0.071111
219	232	0.077926
219	233	0.084444
219	235	0.091259
219	236	0.095111
219	238	0.097481
219	239	0.099852
219	241	0.10252
219	242	0.10519
222	165	0.14607
222	166	0.14489
222	170	0.14222
222	173	0.14193
222	174	0.14133
222	177	0.13926
222	180	0.14015
222	181	0.14044
222	184	0.14044
222	185	0.13926
222	188	0.13867
222	189	0.13452
222	193	0.12978
222	195	0.12859
222	196	0.11881
222	198	0.11615
222	199	0.11348
222	202	0.10578
222	203	0.099259
222	205	0.093037
222	206	0.079704
222	208	0.077037
222	209	0.07437
222	211	0.069037
222	212	0.061333
222	214	0.058963
222	215	0.043556
222	217	0.033778
222	218	0.021333
222	220	0.013333
222	221	0.002963
222	223	0.0038519
222	224	0.012741
222	226	0.028148
222	227	0.032
222	229	0.043259
222	230	0.055407
222	232	0.060741
222	233	0.067556
222	235	0.077037
222	236	0.080296
222	238	0.083852
222	239	0.088889
222	241	0.094222
222	242	0.098963
225	165	0.14874
225	166	0.14607
225	169	0.14459
225	170	0.14459
225	173	0.144
225	174	0.14548
225	177	0.14183
225	180	0.14133
225	181	0.14193
225	184	0.14281
225	185	0.14193
225	188	0.14104
225	189	0.14044
225	193	0.13867
225	195	0.13926
225	196	0.13689
225	198	0.13185
225	199	0.13156
225	202	0.12593
225	203	0.11911
225	205	0.11644
225	206	0.10104
225	208	0.094222
225	209	0.09037
225	211	0.088
225	212	0.078815
225	214	0.074074
225	215	0.063111
225	217	0.053037
225	218	0.046815
225	220	0.036444
225	221	0.028148
225	223	0.017481
225	224	0.0059259
225	226	0.0068148
225	227	0.016
225	229	0.024593
225	230	0.035556
225	232	0.047704
225	233	0.052938
225	235	0.06163
225	236	0.064889
225	238	0.073185
225	239	0.079407
225	241	0.085828
225	242	0.093037
228	165	0.15348
228	166	0.1523
228	169	0.1518
228	170	0.15081
228	173	0.14904
228	174	0.14607
228	177	0.14311
228	181	0.14222
228	184	0.14193
228	185	0.1438
228	188	0.13778
228	189	0.13956
228	193	0.14094
228	195	0.13867
228	196	0.136
228	198	0.13363
228	202	0.13007
228	203	0.12681
228	205	0.12
228	208	0.1037
228	209	0.10281
228	211	0.10104
228	212	0.095111
228	214	0.09037
228	215	0.080889
228	217	0.07437
228	218	0.064
228	220	0.05363
228	221	0.046815
228	223	0.036741
228	224	0.027259
228	226	0.01363
228	227	0.0041481
228	229	0.0038519
228	230	0.013333
228	232	0.021333
228	233	0.030519
228	235	0.035556
228	236	0.044148
228	238	0.056889
228	239	0.060741
228	241	0.064889
228	242	0.072
231	165	0.14785
231	174	0.14548
231	177	0.13926
231	180	0.13837
231	181	0.13956
231	184	0.13926
231	185	0.13926
231	188	0.13689
231	189	0.136
231	192	0.13363
231	193	0.13244
231	195	0.13027
231	196	0.13156
231	198	0.13007
231	199	0.13363
231	202	0.13333
231	203	0.13096
231	205	0.12919
231	208	0.11467
231	209	0.112
231	211	0.10967
231	212	0.10578
231	214	0.10104
231	215	0.095111
231	217	0.089481
231	218	0.079407
231	220	0.072593
231	221	0.065481
231	223	0.053037
231	224	0.046453
231	226	0.034074
231	227	0.025481
231	229	0.014222
231	230	0.0056296
231	232	0.0068148
231	233	0.017876
231	235	0.024757
231	236	0.029926
231	238	0.036444
231	239	0.046815
231	241	0.057185
231	242	0.060444
234	165	0.14815
234	177	0.13926
234	184	0.13719
234	185	0.13867
234	189	0.136
234	193	0.13096
234	195	0.13067
234	196	0.13067
234	198	0.13007
234	199	0.1283
234	202	0.12919
234	203	0.12415
234	205	0.12474
234	208	0.11467
234	209	0.11141
234	211	0.10933
234	212	0.10341
234	214	0.10281
234	215	0.097481
234	217	0.09096
234	218	0.089852
234	220	0.083852
234	221	0.076741
234	223	0.064593
234	226	0.047111
234	227	0.038815
234	229	0.02963
234	230	0.024296
234	232	0.015704
234	233	0.0068148
234	235	0.0065185
234	236	0.014222
234	238	0.020444
234	239	0.029037
234	241	0.037333
234	242	0.043259
237	165	0.14963
237	166	0.14726
237	174	0.1437
237	177	0.13956
237	180	0.13867
237	181	0.13926
237	184	0.14015
237	185	0.13926
237	188	0.13719
237	189	0.13689
237	192	0.13689
237	193	0.13244
237	195	0.13422
237	196	0.13274
237	198	0.13363
237	202	0.13274
237	203	0.13067
237	205	0.12741
237	208	0.12296
237	209	0.12237
237	211	0.11437
237	212	0.11467
237	214	0.11052
237	215	0.10785
237	217	0.10578
237	218	0.10104
237	220	0.094815
237	221	0.091556
237	223	0.084741
237	224	0.079704
237	226	0.063111
237	227	0.052741
237	229	0.044214
237	230	0.039111
237	232	0.030519
237	233	0.022222
237	235	0.016593
237	236	0.008
237	238	0.0054322
237	239	0.012444
237	241	0.020148
237	242	0.027259
240	165	0.14785
240	166	0.14696
240	170	0.14637
240	173	0.14459
240	174	0.1437
240	177	0.14281
240	180	0.14222
240	181	0.14104
240	184	0.14104
240	185	0.13956
240	188	0.13926
240	189	0.13896
240	192	0.136
240	193	0.13363
240	195	0.13274
240	196	0.13156
240	198	0.13067
240	199	0.13367
240	202	0.13156
240	203	0.13156
240	205	0.12919
240	209	0.12593
240	211	0.12148
240	212	0.12148
240	214	0.12
240	215	0.11529
240	217	0.1123
240	218	0.10844
240	220	0.10252
240	221	0.097481
240	223	0.091556
240	224	0.086519
240	226	0.081185
240	227	0.070815
240	229	0.054519
240	232	0.044444
240	233	0.035556
240	235	0.028741
240	236	0.021037
240	238	0.008
240	239	0.0038519
240	241	0.002963
240	242	0.010074
167	165	0.14874
167	166	0.14726
167	170	0.14696
167	174	0.14548
167	180	0.14459
167	181	0.144
167	184	0.14281
167	185	0.14173
167	188	0.14281
167	189	0.13926
167	193	0.13867
167	195	0.13837
167	196	0.13541
167	198	0.13719
167	199	0.13689
167	203	0.13511
167	206	0.13156
167	208	0.13156
167	209	0.13185
167	211	0.13244
167	212	0.13067
167	214	0.1283
167	215	0.12681
167	217	0.12474
167	218	0.12059
167	220	0.11733
167	221	0.11111
167	223	0.10844
167	224	0.10074
167	226	0.095704
167	227	0.086222
167	229	0.079407
167	230	0.075259
167	232	0.062519
167	233	0.052148
0
